1 15 -0.00004 -0.00002 300 0 0 1 0 1 0 -1 0 0 32524.dat
1 15 0 19.999981 620 1 0 0 0 1 0 0 0 1 32523.dat
1 15 110.769234 -0.00002 653.84613 -0.384615 0 0.923077 0 1 0 -0.923077 0 -0.384615 32525.dat
0 Step
1 15 190 39.999981 600 0 0 1 0 1 0 -1 0 0 32063_double.dat
0 Step
1 15 221.538467 19.999981 607.692322 -0.384615 0 0.923077 0 1 0 -0.923077 0 -0.384615 32523.dat
1 15 0 19.999981 0 0 0 1 0 1 0 -1 0 0 32525.dat
1 15 80 -0.00002 -20 1 0 0 0 1 0 0 0 1 32316.dat
0 Step
1 15 189.999969 19.999981 400 0 0 1 0 1 0 -1 0 0 32063_double.dat
0 Step
1 15 189.999969 19.999981 500 0 0 1 0 1 0 -1 0 0 32063_double.dat
0 Step
1 15 0 -0.00002 600 0 0 1 0 1 0 -1 0 0 32278.dat
1 15 -0.000025 -0.00002 500 0 0 1 0 1 0 -1 0 0 32278.dat
1 15 -0.000025 -0.00002 400 0 0 1 0 1 0 -1 0 0 32278.dat
0 Step
1 15 120 20 300 0 0 1 0 1 0 -1 0 0 32524.dat
0 Step
1 15 79.999992 19.999981 30 1 0 0 0 1 0 0 0 1 43857.dat
1 15 130 -0.00002 0 0 0 1 0 1 0 -1 0 0 32449_double.dat
0 Step
1 15 240 -0.00002 460 1 0 0 0 1 0 0 0 1 32278.dat
1 15 209.999985 -0.00002 300 0 0 1 0 1 0 -1 0 0 32449_double.dat
1 15 79.999977 19.999981 460 1 0 0 0 1 0 0 0 1 32278.dat
0 Step
1 15 200 19.999981 0 0 0 1 0 1 0 -1 0 0 32316.dat
1 15 -0.00004 -0.00002 100 0 0 1 0 1 0 -1 0 0 32316.dat
1 15 -0.00004 -0.00002 200 0 0 1 0 1 0 -1 0 0 32316.dat
0 Step
1 15 79.999985 -0.00002 180 1 0 0 0 1 0 0 0 1 32278.dat
0 Step
1 15 240 19.999981 270 1 0 0 0 1 0 0 0 1 32063_double.dat
1 15 139.999954 19.999981 200 0 0 1 0 1 0 -1 0 0 32525.dat
1 15 139.999954 19.999981 100 0 0 1 0 1 0 -1 0 0 32525.dat
0 Step
1 15 240 -0.00002 80 1 0 0 0 1 0 0 0 1 32278.dat
1 14 0 19.999981 620 -1 -0 0 0 -1 0 0 0 1 32523.dat
1 14 -110.769234 -0.00002 653.84613 -0.38075 0 0.924678 0 -1 0 0.924678 0 0.38075 32525.dat
1 14 -190 39.999981 600 0 0 1 0 -1 0 1 0 0 32063_double.dat
1 14 -221.538467 19.999981 607.692322 -0.38075 0 0.924678 0 -1 0 0.924678 0 0.38075 32523.dat
1 14 -80 -0.00002 -20 -1 -0 0 0 -1 0 0 0 1 32316.dat
1 14 -189.999969 19.999981 400 0 0 1 0 -1 0 1 0 0 32063_double.dat
1 14 -189.999969 19.999981 500 0 0 1 0 -1 0 1 0 0 32063_double.dat
1 14 -120 20 300 0 0 1 0 -1 0 1 0 0 32524.dat
1 14 -79.999992 19.999981 30 -1 -0 0 0 -1 0 0 0 1 43857.dat
1 14 -130 -0.00002 0 0 0 1 0 -1 0 1 0 0 32449_double.dat
1 14 -240 -0.00002 460 -1 -0 0 0 -1 0 0 0 1 32278.dat
1 14 -209.999985 -0.00002 300 0 0 1 0 -1 0 1 0 0 32449_double.dat
1 14 -79.999977 19.999981 460 -1 -0 0 0 -1 0 0 0 1 32278.dat
1 14 -200 19.999981 0 0 0 1 0 -1 0 1 0 0 32316.dat
1 14 -79.999985 -0.00002 180 -1 -0 0 0 -1 0 0 0 1 32278.dat
1 14 -240 19.999981 270 -1 -0 0 0 -1 0 0 0 1 32063_double.dat
1 14 -139.999954 19.999981 200 0 0 1 0 -1 0 1 0 0 32525.dat
1 14 -139.999954 19.999981 100 0 0 1 0 -1 0 1 0 0 32525.dat
1 14 -240 -0.00002 80 -1 -0 0 0 -1 0 0 0 1 32278.dat
1 15 0 4.999973 670 -0.999999 0 -0 0 1 0 0 -0 -1 32449.dat
1 15 0 -5.000011 670 -0.999999 0 -0 0 1 0 0 -0 -1 32449.dat
1 15 -10 20 696 0.384617 0 0.923076 0 1 0 -0.923076 0 0.384617 43857.dat
1 15 9 -20 696 -0.384617 0 0.923076 0 1 -0 -0.923076 -0 -0.384617 43857.dat
1 15 -140 20 600 -0.384617 0 0.923076 0 1 -0 -0.923076 -0 -0.384617 18654.dat
1 15 140 20 600 -0.384617 0 0.923076 0 1 -0 -0.923076 -0 -0.384617 18654.dat