0 test model
0 Author: 徐豪
1 4 56.771299 120.219621 0.000000 -0.020222 0.000000 0.999796 -0.999796 -0.000000 -0.020222 0.000000 -1.000000 0.000000  32524.dat
1 4 120.732052 58.603961 20.000000 -0.997819 0.000000 0.066015 -0.066015 -0.000000 -0.997819 0.000000 -1.000000 0.000000  32524.dat
1 4 64.601683 0.479011 0.000000 -0.037857 0.000000 0.999283 -0.999283 -0.000000 -0.037857 0.000000 -1.000000 0.000000  32524.dat
1 4 0.640929 62.094670 20.000000 -0.997919 0.000000 0.064481 -0.064481 -0.000000 -0.997919 0.000000 -1.000000 0.000000  32524.dat
1 4 60.605455 60.881821 40.000000 0.719341 0.000000 0.694657 -0.694657 0.000000 0.719341 0.000000 -1.000000 0.000000  40490.dat
1 4 176.129734 117.442465 60.000000 -0.026329 0.000000 0.999653 -0.999653 -0.000000 -0.026329 0.000000 -1.000000 0.000000  32524.dat
1 4 239.866823 56.688054 0.000000 -0.997319 0.000000 0.073180 -0.073180 -0.000000 -0.997319 0.000000 -1.000000 0.000000  32524.dat
1 4 184.469141 -2.150450 60.000000 -0.005885 0.000000 0.999983 -0.999983 -0.000000 -0.005885 0.000000 -1.000000 0.000000  32524.dat
1 4 180.125962 57.039654 40.000000 0.728075 0.000000 0.685498 -0.685498 0.000000 0.728075 0.000000 -1.000000 0.000000  40490.dat
