0 -----------Two pins ---------------
0 Name: 
0 Author: 
0 One orientations
1 18 -86 -264 0 1 0 0 0 1 0 0 0 1 2780.dat
1 18 -250 -264 0 0 0 -1 0 1 0 1 0 0 2p_1o_43857.dat
0 Two orientations
1 18 -260 -192 0 1 0 0 0 1 0 0 0 1 2p_2o_15100.dat
1 18 -55 -108 0 -0.707107 0 -0.707107 -0.183013 0.965926 0.183013 0.683012 0.258819 -0.683012 2p_2o_15100_2.dat
1 18 -126 -108 0 0.707107 0 -0.707107 -0.183013 0.965926 -0.183013 0.683012 0.258819 0.683012 2p_2o_15100_3.dat
1 18 -106 -193 0 0.707107 0 -0.707107 0 1 0 0.707107 0 0.707107 2p_2o_6536_1.dat
1 18 -68 -192 0 0.707106 0 0.707106 0 1 0 -0.707106 0 0.707106 2p_2o_6536_2.dat
0 ---------Three pins---------------
0 One orientations
1 18 -96 6 0 1 0 0 0 1 0 0 0 1 6558.dat
0 Two orientations
1 18 -252 119 0 0 -1 0 1 -0 0 0 0 1 3p_2o_32184.dat
1 18 -103 231 0 -1 0 0 -0 -1 0 0 0 1 3p_2o_87082.dat
1 18 -270 16 0 0 1 0 -1 0 0 0 0 1 3p_2o_15100_double.dat
1 18 -107 95 0 1 0 0 0 1 0 0 0 1 3p_2o_15100.dat
0 Three orientations
1 18 -70 351 0 -0.707107 0 -0.707107 0 1 -0 0.707107 0 -0.707107 3p_3o_32014_1.dat
1 18 -142 353 0 -0.707107 0 0.707107 0 1 0 -0.707107 0 -0.707107 3p_3o_32014_2.dat

0 ---------Long axles---------------

1 5 0 0 0 1 0 0 0 1 0 0 0 1 4p_1o_4519.dat
1 5 0 0 0 1 0 0 0 1 0 0 0 1 4p_1o_11214.dat
1 5 0 0 0 1 0 0 0 1 0 0 0 1 4p_1o_32073.dat