1 15 -20.000000 -20.000000 -70.000000 -1.000000 0.000000 0.000000 0.000000 1.000000 0.000000 -0.000000 0.000000 -1.000000 43857.dat
1 15 10.000000 -20.000000 -0.000000 0.000000 0.000000 -1.000000 0.000000 1.000000 0.000000 1.000000 0.000000 0.000000 43857.dat
1 15 0.000000 20.000000 -20.000000 0.000000 0.000000 1.000000 0.000000 1.000000 0.000000 -1.000000 0.000000 0.000000 32523.dat
1 15 -20.000000 0.000000 -60.000000 1.000000 0.000000 0.000000 0.000000 1.000000 0.000000 0.000000 0.000000 1.000000 32140.dat
1 15 -50.000000 -20.000000 -60.000000 0.800000 0.000000 0.600000 0.000000 1.000000 0.000000 -0.600000 0.000000 0.800000 32063_double.dat
1 15 -100.000000 0.000000 -100.000000 -0.000000 0.000000 1.000000 0.000000 1.000000 0.000000 -1.000000 0.000000 -0.000000 32523.dat
1 15 -116.153846 -20.000000 -90.769231 0.923077 0.000000 0.384615 0.000000 1.000000 0.000000 -0.384615 0.000000 0.923077 43857.dat
1 15 -66.153846 0.000000 29.230769 -0.923077 0.000000 -0.384615 0.000000 1.000000 0.000000 0.384615 0.000000 -0.923077 41239.dat
1 15 0.000000 -20.000000 140.000000 0.000000 0.000000 1.000000 0.000000 1.000000 0.000000 -1.000000 0.000000 0.000000 32523.dat
1 15 66.153846 0.000000 29.230769 -0.923077 0.000000 0.384615 0.000000 1.000000 0.000000 -0.384615 0.000000 -0.923077 41239.dat
1 15 116.153846 -20.000000 -90.769231 0.923077 0.000000 -0.384615 0.000000 1.000000 0.000000 0.384615 0.000000 0.923077 43857.dat
1 15 100.000000 0.000000 -100.000000 -0.000000 0.000000 -1.000000 0.000000 1.000000 0.000000 1.000000 0.000000 -0.000000 32523.dat
1 15 50.000000 -20.000000 -60.000000 -0.800000 0.000000 0.600000 0.000000 1.000000 0.000000 -0.600000 0.000000 -0.800000 32063_double.dat
1 15 20.000000 0.000000 0.000000 -1.000000 0.000000 0.000000 0.000000 1.000000 0.000000 -0.000000 0.000000 -1.000000 32526.dat
