0 
0 Name: 
0 Author: 
1 15 -450 -20 -70 -1 0 0 0 1 0 -0 0 -1 43857.dat
1 15 -420 -20 0 0 0 -1 0 1 0 1 0 0 43857.dat
1 15 -430 20 -20 0 0 1 0 1 0 -1 0 0 32523.dat
1 15 -450 0 -60 1 0 0 0 1 0 0 0 1 32140.dat
1 15 -480 -20 -60 0.8 0 0.6 0 1 0 -0.6 0 0.8 32063_double.dat
1 15 -530 0 -100 -0 0 1 0 1 0 -1 0 -0 32523.dat
1 15 -546.153809 -20 -90.769234 0.923077 0 0.384615 0 1 0 -0.384615 0 0.923077 43857.dat
1 15 -496.153839 0 29.230768 -0.923077 0 -0.384615 0 1 0 0.384615 0 -0.923077 41239.dat
1 15 -430 -20 140 0 0 1 0 1 0 -1 0 0 32523.dat
1 15 -363.846161 0 29.230768 -0.923077 0 0.384615 0 1 0 -0.384615 0 -0.923077 41239.dat
1 15 -313.846161 -20 -90.769234 0.923077 0 -0.384615 0 1 0 0.384615 0 0.923077 43857.dat
1 15 -330 0 -100 -0 0 -1 0 1 0 1 0 -0 32523.dat
1 15 -380 -20 -60 -0.8 0 0.6 0 1 0 -0.6 0 -0.8 32063_double.dat
1 15 -410 0 0 -1 0 0 0 1 0 -0 0 -1 32526.dat
0 START GROUP XZ
1 15 -760 20 40 -0 -0 1 0 -1 0 1 0 0 32140.dat
1 15 -760 0 40 0 0 -1 0 1 0 1 0 0 32140.dat
1 15 -820 20 60 -1 -0 0 0 -1 0 0 0 1 32526.dat
1 15 -860 0 20 1 0 0 0 1 0 0 0 1 41239.dat
1 15 -820 20 -20 -1 0 0 0 1 0 -0 0 -1 32526.dat
1 15 -760 0 0 -0 -0 -1 0 -1 0 -1 -0 0 32140.dat
1 15 -760 20 0 0 0 1 0 1 0 -1 0 0 32140.dat
1 15 -700 0 -20 1 0 0 0 -1 0 0 0 -1 32526.dat
1 15 -660 20 20 -1 0 0 0 1 0 -0 0 -1 41239.dat
1 15 -700 0 60 1 0 0 0 1 0 0 0 1 32526.dat
0 START GROUP XZ
1 15 220 -20 -60 0.6 0 -0.8 0 1 0 0.8 0 0.6 32525.dat
1 15 300 0 -110 1 0 0 0 1 0 0 0 1 43857.dat
1 15 220 20 -40 -0.6 0 0.8 0 1 0 -0.8 0 -0.6 32525.dat
1 15 220 -20 80 -0.6 0 -0.8 0 1 0 0.8 0 -0.6 32525.dat
1 15 300 0 150 1 0 0 0 1 0 0 0 1 43857.dat
1 15 276 20 142 -0.6 0 -0.8 0 1 0 0.8 0 -0.6 32449_double.dat
1 15 244 0 118 0.6 0 0.8 0 1 0 -0.8 0 0.6 43857.dat
1 15 188 20 76 -0.6 0 -0.8 0 1 0 0.8 0 -0.6 32524.dat
1 15 130 20 160 -0 -0 -1 0 1 0 1 0 -0 43857.dat
1 15 120 0 150 -1 0 0 0 1 0 -0 0 -1 43857.dat
1 15 120 20 80 1 0 0 0 1 0 0 0 1 32140.dat
1 15 120 0 -20 1 0 0 0 1 0 0 0 1 32525.dat
1 15 130 20 -120 0 0 1 0 1 0 -1 0 0 43857.dat
1 15 140 0 20 1 0 0 0 1 0 0 0 1 32278.dat
0 START GROUP XZ
1 15 -176.153839 40 130.769226 0.923077 0 -0.384615 0 1 0 0.384615 0 0.923077 43857.dat
1 15 -126.153839 20 10.769226 -0.923077 0 0.384615 0 1 0 -0.384615 0 -0.923077 41239.dat
1 15 -50 40 -100 0 0 1 0 1 0 -1 0 0 32449_double.dat
1 15 -20 20 -90 1 0 0 0 1 0 0 0 1 43857.dat
1 15 -20 0 -60 -1 0 0 0 1 0 -0 0 -1 32523.dat
1 15 -20 20 -30 1 0 0 0 1 0 0 0 1 43857.dat
1 15 -20 0 60 -1 0 0 0 1 0 -0 0 -1 40490.dat
1 15 -40 20 140 0 0 1 0 1 0 -1 0 0 32523.dat
1 15 -60 0 20 1 0 0 0 1 0 0 0 1 41239.dat
1 15 -79.230774 20 -53.846161 -0.923077 0 0.384615 0 1 0 -0.384615 0 -0.923077 32063_double.dat
1 15 -129.230774 0 66.153839 -0.923077 0 0.384615 0 1 0 -0.384615 0 -0.923077 40490.dat
1 15 -190 20 140 0 0 -1 0 1 0 1 0 0 32449_double.dat
1 15 -220 0 20 1 0 0 0 1 0 0 0 1 41239.dat
1 15 -200 20 -100 0 0 -1 0 1 0 1 0 0 32523.dat
1 15 -180 0 20 -1 0 0 0 1 0 -0 0 -1 41239.dat
0 START GROUP XZ
1 15 1000 20 0 1 0 0 0 1 0 0 0 1 32316.dat
1 15 970 0 80 0.8 0 -0.6 0 1 0 0.6 0 0.8 32063_double.dat
1 15 900 20 120 0 0 -1 0 1 0 1 0 0 32316.dat
1 15 830 0 80 -0.8 0 -0.6 0 1 0 0.6 0 -0.8 32063_double.dat
1 15 800 20 0 -1 0 0 0 1 0 -0 0 -1 32316.dat
1 15 830 0 -80 -0.8 0 0.6 0 1 0 -0.6 0 -0.8 32063_double.dat
1 15 900 20 -120 0 0 1 0 1 0 -1 0 0 32316.dat
1 15 970 0 -80 0.8 0 0.6 0 1 0 -0.6 0 0.8 32063_double.dat
0 START GROUP XZ
1 15 880 20 -60 -0 0 1 0 1 0 -1 0 -0 32523.dat
1 15 940 0 20 -1 0 0 0 1 0 -0 0 -1 32526.dat
1 15 860 20 60 0 0 1 0 1 0 -1 0 0 32526.dat
1 15 860 0 0 -1 0 0 0 1 0 -0 0 -1 32524.dat
0 START GROUP XZ
1 15 -1040 20 100 -0 -0 1 0 -1 0 1 0 0 32526.dat
1 15 -1040 0 0 -1 0 0 0 1 0 -0 0 -1 32525.dat
1 15 -1060 20 -100 -0 0 -1 0 1 0 1 0 -0 32523.dat
1 15 -1080 0 0 1 0 0 0 1 0 0 0 1 32525.dat
1 15 -1080 20 100 0 0 -1 0 1 0 1 0 0 32526.dat
1 15 -1060 0 140 0 0 1 0 1 0 -1 0 0 32525.dat
0 START GROUP XZ
1 15 1110 20 120 0 0 -1 0 1 0 1 0 0 43857.dat
1 15 1120 0 60 1 0 0 0 1 0 0 0 1 32524.dat
1 15 1120 20 -10 -1 0 0 0 1 0 -0 0 -1 43857.dat
1 15 1150 0 -60 0.8 0 -0.6 0 1 0 0.6 0 0.8 32063_double.dat
1 15 1200 20 -100 0 0 -1 0 1 0 1 0 0 32523.dat
1 15 1250 0 -60 -0.8 0 -0.6 0 1 0 0.6 0 -0.8 32063_double.dat
1 15 1270 20 -80 0.8 0 0.6 0 1 0 -0.6 0 0.8 32063_double.dat
1 15 1200 0 -120 0 0 1 0 1 0 -1 0 0 32316.dat
1 15 1130 20 -80 -0.8 0 0.6 0 1 0 -0.6 0 -0.8 32063_double.dat
1 15 1100 0 40 -1 0 0 0 1 0 -0 0 -1 40490.dat
0 START GROUP XZ
1 15 640 20 10 1 0 0 0 1 0 0 0 1 43857.dat
1 15 670 0 60 0.8 0 0.6 0 1 0 -0.6 0 0.8 32063_double.dat
1 15 710 20 100 0 0 -1 0 1 0 1 0 0 43857.dat
1 15 720 0 120 -1 0 0 0 1 0 -0 0 -1 32523.dat
1 15 710 20 140 0 0 -1 0 1 0 1 0 0 43857.dat
1 15 670 0 100 0.8 0 0.6 0 1 0 -0.6 0 0.8 32063_double.dat
1 15 620 20 60 0 0 1 0 1 0 -1 0 0 32523.dat
1 15 570 0 100 -0.8 0 0.6 0 1 0 -0.6 0 -0.8 32063_double.dat
1 15 530 20 140 0 0 1 0 1 0 -1 0 0 43857.dat
1 15 520 0 120 -1 0 0 0 1 0 -0 0 -1 32523.dat
1 15 530 20 100 0 0 1 0 1 0 -1 0 0 43857.dat
1 15 570 0 60 0.8 0 -0.6 0 1 0 0.6 0 0.8 32063_double.dat
1 15 600 20 10 -1 0 0 0 1 0 -0 0 -1 43857.dat
1 15 600 0 -60 1 0 0 0 1 0 0 0 1 32524.dat
1 15 620 20 -120 -0 0 -1 0 1 0 1 0 -0 32523.dat
1 15 640 0 -60 -1 0 0 0 1 0 -0 0 -1 32524.dat
1 15 1280 0 60 1 0 0 0 1 0 0 0 1 32524.dat
1 15 1300 0 40 -1 0 0 0 1 0 -0 0 -1 40490.dat
1 15 1280 20 -10 -1 0 0 0 1 0 -0 0 -1 43857.dat
1 15 1290 20 120 0 0 -1 0 1 0 1 0 0 43857.dat