Path0  Score:1.701035
0 Step
1 15 0.000000 19.999980 660.000000 1.000000 0.000000 0.000000 0.000000 1.000000 0.000000 0.000000 0.000000 1.000000 32523.dat
1 15 36.923077 -0.000020 684.615385 -0.384615 0.000000 0.923077 0.000000 1.000000 0.000000 -0.923077 0.000000 -0.384615 32523.dat
0 Step
1 15 64.615385 19.999980 673.076923 -0.384615 0.000000 0.923077 0.000000 1.000000 0.000000 -0.923077 0.000000 -0.384615 43857.dat
1 15 0.000000 39.999980 620.000000 1.000000 0.000000 0.000000 0.000000 1.000000 0.000000 0.000000 0.000000 1.000000 32523.dat
0 Step
1 15 0.000000 19.999980 600.000000 0.000000 0.000000 1.000000 0.000000 1.000000 0.000000 -1.000000 0.000000 0.000000 32316.dat
1 15 129.230769 -0.000020 646.153846 -0.384615 0.000000 0.923077 0.000000 1.000000 0.000000 -0.923077 0.000000 -0.384615 32524.dat
0 Step
1 15 212.307692 -20.000020 611.538462 -0.384615 0.000000 0.923077 0.000000 1.000000 0.000000 -0.923077 0.000000 -0.384615 32449_double.dat
1 15 50.000000 -0.000020 600.000000 0.000000 0.000000 1.000000 0.000000 1.000000 0.000000 -1.000000 0.000000 0.000000 43857.dat
0 Step
1 15 140.000000 19.999980 600.000000 0.000000 0.000000 1.000000 0.000000 1.000000 0.000000 -1.000000 0.000000 0.000000 32524.dat
1 15 110.000000 39.999980 0.000000 0.000000 0.000000 1.000000 0.000000 1.000000 0.000000 -1.000000 0.000000 0.000000 43857.dat
0 Step
1 15 70.000000 -20.000020 600.000000 0.000000 0.000000 1.000000 0.000000 1.000000 0.000000 -1.000000 0.000000 0.000000 43857.dat
1 15 180.000000 19.999980 0.000000 0.000000 0.000000 1.000000 0.000000 1.000000 0.000000 -1.000000 0.000000 0.000000 32524.dat
0 Step
1 15 0.000000 39.999980 0.000000 0.000000 0.000000 1.000000 0.000000 1.000000 0.000000 -1.000000 0.000000 0.000000 40490.dat
0 Step
1 15 240.000000 -0.000020 520.000000 -1.000000 -0.000000 0.000000 0.000000 -1.000000 0.000000 0.000000 0.000000 1.000000 32526.dat
1 15 90.000000 19.999980 0.000000 0.000000 0.000000 1.000000 0.000000 1.000000 0.000000 -1.000000 0.000000 0.000000 43857.dat
0 Step
1 15 -0.000025 19.999980 100.000000 0.000000 0.000000 1.000000 0.000000 1.000000 0.000000 -1.000000 0.000000 0.000000 32278.dat
0 Step
1 15 240.000000 -0.000020 20.000000 1.000000 0.000000 0.000000 0.000000 1.000000 0.000000 0.000000 0.000000 1.000000 40490.dat
1 15 149.999975 39.999980 100.000000 0.000000 0.000000 1.000000 0.000000 1.000000 0.000000 -1.000000 0.000000 0.000000 43857.dat
0 Step
1 15 79.999992 -0.000020 550.000000 1.000000 0.000000 0.000000 0.000000 1.000000 0.000000 0.000000 0.000000 1.000000 32063_double.dat
0 Step
1 15 -0.000025 39.999980 500.000000 0.000000 0.000000 1.000000 0.000000 1.000000 0.000000 -1.000000 0.000000 0.000000 32278.dat
0 Step
1 15 189.999975 19.999980 500.000000 0.000000 0.000000 1.000000 0.000000 1.000000 0.000000 -1.000000 0.000000 0.000000 32063_double.dat
0 Step
1 15 80.000000 -0.000020 60.000000 1.000000 0.000000 0.000000 0.000000 1.000000 0.000000 0.000000 0.000000 1.000000 41239.dat
1 15 240.000000 -20.000020 510.000000 1.000000 0.000000 0.000000 0.000000 1.000000 0.000000 0.000000 0.000000 1.000000 43857.dat
0 Step
1 15 -0.000040 39.999980 200.000000 0.000000 0.000000 1.000000 0.000000 1.000000 0.000000 -1.000000 0.000000 0.000000 32316.dat
1 15 -0.000040 39.999980 300.000000 0.000000 0.000000 1.000000 0.000000 1.000000 0.000000 -1.000000 0.000000 0.000000 32316.dat
1 15 79.999990 19.999980 490.000000 1.000000 0.000000 0.000000 0.000000 1.000000 0.000000 0.000000 0.000000 1.000000 43857.dat
0 Step
1 15 159.999980 -20.000020 100.000000 0.000000 -0.000000 1.000000 -0.000000 -1.000000 -0.000000 1.000000 0.000000 -0.000000 32526.dat
1 15 -0.000040 39.999980 400.000000 0.000000 0.000000 1.000000 0.000000 1.000000 0.000000 -1.000000 0.000000 0.000000 32316.dat
1 15 240.000000 -0.000020 470.000000 1.000000 0.000000 0.000000 0.000000 1.000000 0.000000 0.000000 0.000000 1.000000 32449_double.dat
0 Step
1 15 79.999966 -20.000020 190.000000 1.000000 0.000000 0.000000 0.000000 1.000000 0.000000 0.000000 0.000000 1.000000 43857.dat
0 Step
1 15 79.999968 -0.000020 340.000000 1.000000 0.000000 0.000000 0.000000 1.000000 0.000000 0.000000 0.000000 1.000000 32278.dat
0 Step
1 15 139.999960 19.999980 300.000000 0.000000 0.000000 1.000000 0.000000 1.000000 0.000000 -1.000000 0.000000 0.000000 32525.dat
1 15 139.999960 19.999980 200.000000 0.000000 0.000000 1.000000 0.000000 1.000000 0.000000 -1.000000 0.000000 0.000000 32525.dat
0 Step
1 15 240.000000 19.999980 430.000000 1.000000 0.000000 0.000000 0.000000 1.000000 0.000000 0.000000 0.000000 1.000000 43857.dat
1 15 139.999960 19.999980 400.000000 0.000000 0.000000 1.000000 0.000000 1.000000 0.000000 -1.000000 0.000000 0.000000 32525.dat
0 Step
1 15 240.000000 -0.000020 280.000000 1.000000 0.000000 0.000000 0.000000 1.000000 0.000000 0.000000 0.000000 1.000000 32278.dat
Path1  Score:1.701035
0 Step
1 15 0.000000 19.999980 660.000000 1.000000 0.000000 0.000000 0.000000 1.000000 0.000000 0.000000 0.000000 1.000000 32523.dat
1 15 46.153846 -0.000020 680.769231 -0.384615 0.000000 0.923077 0.000000 1.000000 0.000000 -0.923077 0.000000 -0.384615 32449_double.dat
0 Step
1 15 83.076923 19.999980 665.384615 -0.384615 0.000000 0.923077 0.000000 1.000000 0.000000 -0.923077 0.000000 -0.384615 43857.dat
1 15 0.000000 39.999980 620.000000 1.000000 0.000000 0.000000 0.000000 1.000000 0.000000 0.000000 0.000000 1.000000 32523.dat
0 Step
1 15 0.000000 19.999980 600.000000 0.000000 0.000000 1.000000 0.000000 1.000000 0.000000 -1.000000 0.000000 0.000000 32316.dat
1 15 138.461538 -0.000020 642.307692 -0.384615 0.000000 0.923077 0.000000 1.000000 0.000000 -0.923077 0.000000 -0.384615 32063_double.dat
0 Step
1 15 212.307692 -20.000020 611.538462 -0.384615 0.000000 0.923077 0.000000 1.000000 0.000000 -0.923077 0.000000 -0.384615 32449_double.dat
1 15 50.000000 -0.000020 600.000000 0.000000 0.000000 1.000000 0.000000 1.000000 0.000000 -1.000000 0.000000 0.000000 43857.dat
0 Step
1 15 140.000000 19.999980 600.000000 0.000000 0.000000 1.000000 0.000000 1.000000 0.000000 -1.000000 0.000000 0.000000 32524.dat
1 15 110.000000 39.999980 0.000000 0.000000 0.000000 1.000000 0.000000 1.000000 0.000000 -1.000000 0.000000 0.000000 43857.dat
0 Step
1 15 70.000000 -20.000020 600.000000 0.000000 0.000000 1.000000 0.000000 1.000000 0.000000 -1.000000 0.000000 0.000000 43857.dat
1 15 180.000000 19.999980 0.000000 0.000000 0.000000 1.000000 0.000000 1.000000 0.000000 -1.000000 0.000000 0.000000 32524.dat
0 Step
1 15 0.000000 39.999980 0.000000 0.000000 0.000000 1.000000 0.000000 1.000000 0.000000 -1.000000 0.000000 0.000000 40490.dat
0 Step
1 15 240.000000 -0.000020 520.000000 -1.000000 -0.000000 0.000000 0.000000 -1.000000 0.000000 0.000000 0.000000 1.000000 32526.dat
1 15 90.000000 19.999980 0.000000 0.000000 0.000000 1.000000 0.000000 1.000000 0.000000 -1.000000 0.000000 0.000000 43857.dat
0 Step
1 15 -0.000025 19.999980 100.000000 0.000000 0.000000 1.000000 0.000000 1.000000 0.000000 -1.000000 0.000000 0.000000 32278.dat
0 Step
1 15 240.000000 -0.000020 20.000000 1.000000 0.000000 0.000000 0.000000 1.000000 0.000000 0.000000 0.000000 1.000000 40490.dat
1 15 149.999975 39.999980 100.000000 0.000000 0.000000 1.000000 0.000000 1.000000 0.000000 -1.000000 0.000000 0.000000 43857.dat
0 Step
1 15 79.999992 -0.000020 550.000000 1.000000 0.000000 0.000000 0.000000 1.000000 0.000000 0.000000 0.000000 1.000000 32063_double.dat
0 Step
1 15 -0.000025 39.999980 500.000000 0.000000 0.000000 1.000000 0.000000 1.000000 0.000000 -1.000000 0.000000 0.000000 32278.dat
0 Step
1 15 189.999975 19.999980 500.000000 0.000000 0.000000 1.000000 0.000000 1.000000 0.000000 -1.000000 0.000000 0.000000 32063_double.dat
0 Step
1 15 80.000000 -0.000020 60.000000 1.000000 0.000000 0.000000 0.000000 1.000000 0.000000 0.000000 0.000000 1.000000 41239.dat
1 15 240.000000 -20.000020 510.000000 1.000000 0.000000 0.000000 0.000000 1.000000 0.000000 0.000000 0.000000 1.000000 43857.dat
0 Step
1 15 -0.000040 39.999980 200.000000 0.000000 0.000000 1.000000 0.000000 1.000000 0.000000 -1.000000 0.000000 0.000000 32316.dat
1 15 -0.000040 39.999980 300.000000 0.000000 0.000000 1.000000 0.000000 1.000000 0.000000 -1.000000 0.000000 0.000000 32316.dat
1 15 79.999990 19.999980 490.000000 1.000000 0.000000 0.000000 0.000000 1.000000 0.000000 0.000000 0.000000 1.000000 43857.dat
0 Step
1 15 159.999980 -20.000020 100.000000 0.000000 -0.000000 1.000000 -0.000000 -1.000000 -0.000000 1.000000 0.000000 -0.000000 32526.dat
1 15 -0.000040 39.999980 400.000000 0.000000 0.000000 1.000000 0.000000 1.000000 0.000000 -1.000000 0.000000 0.000000 32316.dat
1 15 240.000000 -0.000020 470.000000 1.000000 0.000000 0.000000 0.000000 1.000000 0.000000 0.000000 0.000000 1.000000 32449_double.dat
0 Step
1 15 79.999966 -20.000020 190.000000 1.000000 0.000000 0.000000 0.000000 1.000000 0.000000 0.000000 0.000000 1.000000 43857.dat
0 Step
1 15 79.999968 -0.000020 340.000000 1.000000 0.000000 0.000000 0.000000 1.000000 0.000000 0.000000 0.000000 1.000000 32278.dat
0 Step
1 15 139.999960 19.999980 300.000000 0.000000 0.000000 1.000000 0.000000 1.000000 0.000000 -1.000000 0.000000 0.000000 32525.dat
1 15 139.999960 19.999980 200.000000 0.000000 0.000000 1.000000 0.000000 1.000000 0.000000 -1.000000 0.000000 0.000000 32525.dat
0 Step
1 15 240.000000 19.999980 430.000000 1.000000 0.000000 0.000000 0.000000 1.000000 0.000000 0.000000 0.000000 1.000000 43857.dat
1 15 139.999960 19.999980 400.000000 0.000000 0.000000 1.000000 0.000000 1.000000 0.000000 -1.000000 0.000000 0.000000 32525.dat
0 Step
1 15 240.000000 -0.000020 280.000000 1.000000 0.000000 0.000000 0.000000 1.000000 0.000000 0.000000 0.000000 1.000000 32278.dat
Path2  Score:1.673257
0 Step
1 15 0.000000 19.999980 660.000000 1.000000 0.000000 0.000000 0.000000 1.000000 0.000000 0.000000 0.000000 1.000000 32523.dat
1 15 46.153846 -0.000020 680.769231 -0.384615 0.000000 0.923077 0.000000 1.000000 0.000000 -0.923077 0.000000 -0.384615 43857.dat
0 Step
1 15 64.615385 19.999980 673.076923 -0.384615 0.000000 0.923077 0.000000 1.000000 0.000000 -0.923077 0.000000 -0.384615 43857.dat
1 15 0.000000 39.999980 620.000000 1.000000 0.000000 0.000000 0.000000 1.000000 0.000000 0.000000 0.000000 1.000000 32523.dat
0 Step
1 15 0.000000 19.999980 600.000000 0.000000 0.000000 1.000000 0.000000 1.000000 0.000000 -1.000000 0.000000 0.000000 32316.dat
1 15 129.230769 -0.000020 646.153846 -0.384615 0.000000 0.923077 0.000000 1.000000 0.000000 -0.923077 0.000000 -0.384615 32524.dat
0 Step
1 15 212.307692 -20.000020 611.538462 -0.384615 0.000000 0.923077 0.000000 1.000000 0.000000 -0.923077 0.000000 -0.384615 32449_double.dat
1 15 50.000000 -0.000020 600.000000 0.000000 0.000000 1.000000 0.000000 1.000000 0.000000 -1.000000 0.000000 0.000000 43857.dat
0 Step
1 15 140.000000 19.999980 600.000000 0.000000 0.000000 1.000000 0.000000 1.000000 0.000000 -1.000000 0.000000 0.000000 32524.dat
1 15 110.000000 39.999980 0.000000 0.000000 0.000000 1.000000 0.000000 1.000000 0.000000 -1.000000 0.000000 0.000000 43857.dat
0 Step
1 15 70.000000 -20.000020 600.000000 0.000000 0.000000 1.000000 0.000000 1.000000 0.000000 -1.000000 0.000000 0.000000 43857.dat
1 15 180.000000 19.999980 0.000000 0.000000 0.000000 1.000000 0.000000 1.000000 0.000000 -1.000000 0.000000 0.000000 32524.dat
0 Step
1 15 0.000000 39.999980 0.000000 0.000000 0.000000 1.000000 0.000000 1.000000 0.000000 -1.000000 0.000000 0.000000 40490.dat
0 Step
1 15 240.000000 -0.000020 520.000000 -1.000000 -0.000000 0.000000 0.000000 -1.000000 0.000000 0.000000 0.000000 1.000000 32526.dat
1 15 90.000000 19.999980 0.000000 0.000000 0.000000 1.000000 0.000000 1.000000 0.000000 -1.000000 0.000000 0.000000 43857.dat
0 Step
1 15 -0.000025 19.999980 100.000000 0.000000 0.000000 1.000000 0.000000 1.000000 0.000000 -1.000000 0.000000 0.000000 32278.dat
0 Step
1 15 240.000000 -0.000020 20.000000 1.000000 0.000000 0.000000 0.000000 1.000000 0.000000 0.000000 0.000000 1.000000 40490.dat
1 15 149.999975 39.999980 100.000000 0.000000 0.000000 1.000000 0.000000 1.000000 0.000000 -1.000000 0.000000 0.000000 43857.dat
0 Step
1 15 79.999992 -0.000020 550.000000 1.000000 0.000000 0.000000 0.000000 1.000000 0.000000 0.000000 0.000000 1.000000 32063_double.dat
0 Step
1 15 -0.000025 39.999980 500.000000 0.000000 0.000000 1.000000 0.000000 1.000000 0.000000 -1.000000 0.000000 0.000000 32278.dat
0 Step
1 15 189.999975 19.999980 500.000000 0.000000 0.000000 1.000000 0.000000 1.000000 0.000000 -1.000000 0.000000 0.000000 32063_double.dat
0 Step
1 15 80.000000 -0.000020 60.000000 1.000000 0.000000 0.000000 0.000000 1.000000 0.000000 0.000000 0.000000 1.000000 41239.dat
1 15 240.000000 -20.000020 510.000000 1.000000 0.000000 0.000000 0.000000 1.000000 0.000000 0.000000 0.000000 1.000000 43857.dat
0 Step
1 15 -0.000040 39.999980 200.000000 0.000000 0.000000 1.000000 0.000000 1.000000 0.000000 -1.000000 0.000000 0.000000 32316.dat
1 15 -0.000040 39.999980 300.000000 0.000000 0.000000 1.000000 0.000000 1.000000 0.000000 -1.000000 0.000000 0.000000 32316.dat
1 15 79.999990 19.999980 490.000000 1.000000 0.000000 0.000000 0.000000 1.000000 0.000000 0.000000 0.000000 1.000000 43857.dat
0 Step
1 15 159.999980 -20.000020 100.000000 0.000000 -0.000000 1.000000 -0.000000 -1.000000 -0.000000 1.000000 0.000000 -0.000000 32526.dat
1 15 -0.000040 39.999980 400.000000 0.000000 0.000000 1.000000 0.000000 1.000000 0.000000 -1.000000 0.000000 0.000000 32316.dat
1 15 240.000000 -0.000020 470.000000 1.000000 0.000000 0.000000 0.000000 1.000000 0.000000 0.000000 0.000000 1.000000 32449_double.dat
0 Step
1 15 79.999966 -20.000020 190.000000 1.000000 0.000000 0.000000 0.000000 1.000000 0.000000 0.000000 0.000000 1.000000 43857.dat
0 Step
1 15 79.999968 -0.000020 340.000000 1.000000 0.000000 0.000000 0.000000 1.000000 0.000000 0.000000 0.000000 1.000000 32278.dat
0 Step
1 15 139.999960 19.999980 300.000000 0.000000 0.000000 1.000000 0.000000 1.000000 0.000000 -1.000000 0.000000 0.000000 32525.dat
1 15 139.999960 19.999980 200.000000 0.000000 0.000000 1.000000 0.000000 1.000000 0.000000 -1.000000 0.000000 0.000000 32525.dat
0 Step
1 15 240.000000 19.999980 430.000000 1.000000 0.000000 0.000000 0.000000 1.000000 0.000000 0.000000 0.000000 1.000000 43857.dat
1 15 139.999960 19.999980 400.000000 0.000000 0.000000 1.000000 0.000000 1.000000 0.000000 -1.000000 0.000000 0.000000 32525.dat
0 Step
1 15 240.000000 -0.000020 280.000000 1.000000 0.000000 0.000000 0.000000 1.000000 0.000000 0.000000 0.000000 1.000000 32278.dat
Path3  Score:1.673257
0 Step
1 15 0.000000 19.999980 660.000000 1.000000 0.000000 0.000000 0.000000 1.000000 0.000000 0.000000 0.000000 1.000000 32523.dat
1 15 55.384615 -0.000020 676.923077 -0.384615 0.000000 0.923077 0.000000 1.000000 0.000000 -0.923077 0.000000 -0.384615 32523.dat
0 Step
1 15 83.076923 19.999980 665.384615 -0.384615 0.000000 0.923077 0.000000 1.000000 0.000000 -0.923077 0.000000 -0.384615 43857.dat
1 15 0.000000 39.999980 620.000000 1.000000 0.000000 0.000000 0.000000 1.000000 0.000000 0.000000 0.000000 1.000000 32523.dat
0 Step
1 15 0.000000 19.999980 600.000000 0.000000 0.000000 1.000000 0.000000 1.000000 0.000000 -1.000000 0.000000 0.000000 32316.dat
1 15 138.461538 -0.000020 642.307692 -0.384615 0.000000 0.923077 0.000000 1.000000 0.000000 -0.923077 0.000000 -0.384615 32063_double.dat
0 Step
1 15 212.307692 -20.000020 611.538462 -0.384615 0.000000 0.923077 0.000000 1.000000 0.000000 -0.923077 0.000000 -0.384615 32449_double.dat
1 15 50.000000 -0.000020 600.000000 0.000000 0.000000 1.000000 0.000000 1.000000 0.000000 -1.000000 0.000000 0.000000 43857.dat
0 Step
1 15 140.000000 19.999980 600.000000 0.000000 0.000000 1.000000 0.000000 1.000000 0.000000 -1.000000 0.000000 0.000000 32524.dat
1 15 110.000000 39.999980 0.000000 0.000000 0.000000 1.000000 0.000000 1.000000 0.000000 -1.000000 0.000000 0.000000 43857.dat
0 Step
1 15 70.000000 -20.000020 600.000000 0.000000 0.000000 1.000000 0.000000 1.000000 0.000000 -1.000000 0.000000 0.000000 43857.dat
1 15 180.000000 19.999980 0.000000 0.000000 0.000000 1.000000 0.000000 1.000000 0.000000 -1.000000 0.000000 0.000000 32524.dat
0 Step
1 15 0.000000 39.999980 0.000000 0.000000 0.000000 1.000000 0.000000 1.000000 0.000000 -1.000000 0.000000 0.000000 40490.dat
0 Step
1 15 240.000000 -0.000020 520.000000 -1.000000 -0.000000 0.000000 0.000000 -1.000000 0.000000 0.000000 0.000000 1.000000 32526.dat
1 15 90.000000 19.999980 0.000000 0.000000 0.000000 1.000000 0.000000 1.000000 0.000000 -1.000000 0.000000 0.000000 43857.dat
0 Step
1 15 -0.000025 19.999980 100.000000 0.000000 0.000000 1.000000 0.000000 1.000000 0.000000 -1.000000 0.000000 0.000000 32278.dat
0 Step
1 15 240.000000 -0.000020 20.000000 1.000000 0.000000 0.000000 0.000000 1.000000 0.000000 0.000000 0.000000 1.000000 40490.dat
1 15 149.999975 39.999980 100.000000 0.000000 0.000000 1.000000 0.000000 1.000000 0.000000 -1.000000 0.000000 0.000000 43857.dat
0 Step
1 15 79.999992 -0.000020 550.000000 1.000000 0.000000 0.000000 0.000000 1.000000 0.000000 0.000000 0.000000 1.000000 32063_double.dat
0 Step
1 15 -0.000025 39.999980 500.000000 0.000000 0.000000 1.000000 0.000000 1.000000 0.000000 -1.000000 0.000000 0.000000 32278.dat
0 Step
1 15 189.999975 19.999980 500.000000 0.000000 0.000000 1.000000 0.000000 1.000000 0.000000 -1.000000 0.000000 0.000000 32063_double.dat
0 Step
1 15 80.000000 -0.000020 60.000000 1.000000 0.000000 0.000000 0.000000 1.000000 0.000000 0.000000 0.000000 1.000000 41239.dat
1 15 240.000000 -20.000020 510.000000 1.000000 0.000000 0.000000 0.000000 1.000000 0.000000 0.000000 0.000000 1.000000 43857.dat
0 Step
1 15 -0.000040 39.999980 200.000000 0.000000 0.000000 1.000000 0.000000 1.000000 0.000000 -1.000000 0.000000 0.000000 32316.dat
1 15 -0.000040 39.999980 300.000000 0.000000 0.000000 1.000000 0.000000 1.000000 0.000000 -1.000000 0.000000 0.000000 32316.dat
1 15 79.999990 19.999980 490.000000 1.000000 0.000000 0.000000 0.000000 1.000000 0.000000 0.000000 0.000000 1.000000 43857.dat
0 Step
1 15 159.999980 -20.000020 100.000000 0.000000 -0.000000 1.000000 -0.000000 -1.000000 -0.000000 1.000000 0.000000 -0.000000 32526.dat
1 15 -0.000040 39.999980 400.000000 0.000000 0.000000 1.000000 0.000000 1.000000 0.000000 -1.000000 0.000000 0.000000 32316.dat
1 15 240.000000 -0.000020 470.000000 1.000000 0.000000 0.000000 0.000000 1.000000 0.000000 0.000000 0.000000 1.000000 32449_double.dat
0 Step
1 15 79.999966 -20.000020 190.000000 1.000000 0.000000 0.000000 0.000000 1.000000 0.000000 0.000000 0.000000 1.000000 43857.dat
0 Step
1 15 79.999968 -0.000020 340.000000 1.000000 0.000000 0.000000 0.000000 1.000000 0.000000 0.000000 0.000000 1.000000 32278.dat
0 Step
1 15 139.999960 19.999980 300.000000 0.000000 0.000000 1.000000 0.000000 1.000000 0.000000 -1.000000 0.000000 0.000000 32525.dat
1 15 139.999960 19.999980 200.000000 0.000000 0.000000 1.000000 0.000000 1.000000 0.000000 -1.000000 0.000000 0.000000 32525.dat
0 Step
1 15 240.000000 19.999980 430.000000 1.000000 0.000000 0.000000 0.000000 1.000000 0.000000 0.000000 0.000000 1.000000 43857.dat
1 15 139.999960 19.999980 400.000000 0.000000 0.000000 1.000000 0.000000 1.000000 0.000000 -1.000000 0.000000 0.000000 32525.dat
0 Step
1 15 240.000000 -0.000020 280.000000 1.000000 0.000000 0.000000 0.000000 1.000000 0.000000 0.000000 0.000000 1.000000 32278.dat
Path4  Score:1.645479
0 Step
1 15 0.000000 19.999980 660.000000 1.000000 0.000000 0.000000 0.000000 1.000000 0.000000 0.000000 0.000000 1.000000 32523.dat
1 15 64.615385 -0.000020 673.076923 -0.384615 0.000000 0.923077 0.000000 1.000000 0.000000 -0.923077 0.000000 -0.384615 43857.dat
0 Step
1 15 83.076923 19.999980 665.384615 -0.384615 0.000000 0.923077 0.000000 1.000000 0.000000 -0.923077 0.000000 -0.384615 43857.dat
1 15 0.000000 39.999980 620.000000 1.000000 0.000000 0.000000 0.000000 1.000000 0.000000 0.000000 0.000000 1.000000 32523.dat
0 Step
1 15 0.000000 19.999980 600.000000 0.000000 0.000000 1.000000 0.000000 1.000000 0.000000 -1.000000 0.000000 0.000000 32316.dat
1 15 138.461538 -0.000020 642.307692 -0.384615 0.000000 0.923077 0.000000 1.000000 0.000000 -0.923077 0.000000 -0.384615 32063_double.dat
0 Step
1 15 212.307692 -20.000020 611.538462 -0.384615 0.000000 0.923077 0.000000 1.000000 0.000000 -0.923077 0.000000 -0.384615 32449_double.dat
1 15 50.000000 -0.000020 600.000000 0.000000 0.000000 1.000000 0.000000 1.000000 0.000000 -1.000000 0.000000 0.000000 43857.dat
0 Step
1 15 140.000000 19.999980 600.000000 0.000000 0.000000 1.000000 0.000000 1.000000 0.000000 -1.000000 0.000000 0.000000 32524.dat
1 15 110.000000 39.999980 0.000000 0.000000 0.000000 1.000000 0.000000 1.000000 0.000000 -1.000000 0.000000 0.000000 43857.dat
0 Step
1 15 70.000000 -20.000020 600.000000 0.000000 0.000000 1.000000 0.000000 1.000000 0.000000 -1.000000 0.000000 0.000000 43857.dat
1 15 180.000000 19.999980 0.000000 0.000000 0.000000 1.000000 0.000000 1.000000 0.000000 -1.000000 0.000000 0.000000 32524.dat
0 Step
1 15 0.000000 39.999980 0.000000 0.000000 0.000000 1.000000 0.000000 1.000000 0.000000 -1.000000 0.000000 0.000000 40490.dat
0 Step
1 15 240.000000 -0.000020 520.000000 -1.000000 -0.000000 0.000000 0.000000 -1.000000 0.000000 0.000000 0.000000 1.000000 32526.dat
1 15 90.000000 19.999980 0.000000 0.000000 0.000000 1.000000 0.000000 1.000000 0.000000 -1.000000 0.000000 0.000000 43857.dat
0 Step
1 15 -0.000025 19.999980 100.000000 0.000000 0.000000 1.000000 0.000000 1.000000 0.000000 -1.000000 0.000000 0.000000 32278.dat
0 Step
1 15 240.000000 -0.000020 20.000000 1.000000 0.000000 0.000000 0.000000 1.000000 0.000000 0.000000 0.000000 1.000000 40490.dat
1 15 149.999975 39.999980 100.000000 0.000000 0.000000 1.000000 0.000000 1.000000 0.000000 -1.000000 0.000000 0.000000 43857.dat
0 Step
1 15 79.999992 -0.000020 550.000000 1.000000 0.000000 0.000000 0.000000 1.000000 0.000000 0.000000 0.000000 1.000000 32063_double.dat
0 Step
1 15 -0.000025 39.999980 500.000000 0.000000 0.000000 1.000000 0.000000 1.000000 0.000000 -1.000000 0.000000 0.000000 32278.dat
0 Step
1 15 189.999975 19.999980 500.000000 0.000000 0.000000 1.000000 0.000000 1.000000 0.000000 -1.000000 0.000000 0.000000 32063_double.dat
0 Step
1 15 80.000000 -0.000020 60.000000 1.000000 0.000000 0.000000 0.000000 1.000000 0.000000 0.000000 0.000000 1.000000 41239.dat
1 15 240.000000 -20.000020 510.000000 1.000000 0.000000 0.000000 0.000000 1.000000 0.000000 0.000000 0.000000 1.000000 43857.dat
0 Step
1 15 -0.000040 39.999980 200.000000 0.000000 0.000000 1.000000 0.000000 1.000000 0.000000 -1.000000 0.000000 0.000000 32316.dat
1 15 -0.000040 39.999980 300.000000 0.000000 0.000000 1.000000 0.000000 1.000000 0.000000 -1.000000 0.000000 0.000000 32316.dat
1 15 79.999990 19.999980 490.000000 1.000000 0.000000 0.000000 0.000000 1.000000 0.000000 0.000000 0.000000 1.000000 43857.dat
0 Step
1 15 159.999980 -20.000020 100.000000 0.000000 -0.000000 1.000000 -0.000000 -1.000000 -0.000000 1.000000 0.000000 -0.000000 32526.dat
1 15 -0.000040 39.999980 400.000000 0.000000 0.000000 1.000000 0.000000 1.000000 0.000000 -1.000000 0.000000 0.000000 32316.dat
1 15 240.000000 -0.000020 470.000000 1.000000 0.000000 0.000000 0.000000 1.000000 0.000000 0.000000 0.000000 1.000000 32449_double.dat
0 Step
1 15 79.999966 -20.000020 190.000000 1.000000 0.000000 0.000000 0.000000 1.000000 0.000000 0.000000 0.000000 1.000000 43857.dat
0 Step
1 15 79.999968 -0.000020 340.000000 1.000000 0.000000 0.000000 0.000000 1.000000 0.000000 0.000000 0.000000 1.000000 32278.dat
0 Step
1 15 139.999960 19.999980 300.000000 0.000000 0.000000 1.000000 0.000000 1.000000 0.000000 -1.000000 0.000000 0.000000 32525.dat
1 15 139.999960 19.999980 200.000000 0.000000 0.000000 1.000000 0.000000 1.000000 0.000000 -1.000000 0.000000 0.000000 32525.dat
0 Step
1 15 240.000000 19.999980 430.000000 1.000000 0.000000 0.000000 0.000000 1.000000 0.000000 0.000000 0.000000 1.000000 43857.dat
1 15 139.999960 19.999980 400.000000 0.000000 0.000000 1.000000 0.000000 1.000000 0.000000 -1.000000 0.000000 0.000000 32525.dat
0 Step
1 15 240.000000 -0.000020 280.000000 1.000000 0.000000 0.000000 0.000000 1.000000 0.000000 0.000000 0.000000 1.000000 32278.dat
