0 Step
1 15 0.000000 -0.000020 660.000000 1.000000 0.000000 0.000000 0.000000 1.000000 0.000000 0.000000 0.000000 1.000000 32523.dat
0 Step
1 15 27.692308 19.999980 688.461538 -0.384615 0.000000 0.923077 0.000000 1.000000 0.000000 -0.923077 0.000000 -0.384615 43857.dat
0 Step
1 15 0.000000 19.999980 620.000000 1.000000 0.000000 0.000000 0.000000 1.000000 0.000000 0.000000 0.000000 1.000000 32523.dat
0 Step
1 15 129.230769 -0.000020 646.153846 -0.384615 0.000000 0.923077 0.000000 1.000000 0.000000 -0.923077 0.000000 -0.384615 32525.dat
0 Step
1 15 -0.000040 -0.000020 500.000000 0.000000 0.000000 1.000000 0.000000 1.000000 0.000000 -1.000000 0.000000 0.000000 32316.dat
0 Step
1 15 0.000000 -0.000020 600.000000 0.000000 0.000000 1.000000 0.000000 1.000000 0.000000 -1.000000 0.000000 0.000000 41239.dat
0 Step
1 15 79.999998 -20.000020 590.000000 1.000000 0.000000 0.000000 0.000000 1.000000 0.000000 0.000000 0.000000 1.000000 43857.dat
0 Step
1 15 80.000000 19.999980 -50.000000 1.000000 0.000000 0.000000 0.000000 1.000000 0.000000 0.000000 0.000000 1.000000 43857.dat
0 Step
1 15 0.000000 -0.000020 0.000000 0.000000 0.000000 1.000000 0.000000 1.000000 0.000000 -1.000000 0.000000 0.000000 32316.dat
0 Step
1 15 180.000000 19.999980 600.000000 0.000000 0.000000 1.000000 0.000000 1.000000 0.000000 -1.000000 0.000000 0.000000 32524.dat
0 Step
1 15 230.769231 -20.000020 603.846154 -0.384615 0.000000 0.923077 0.000000 1.000000 0.000000 -0.923077 0.000000 -0.384615 43857.dat
0 Step
1 15 139.999960 19.999980 500.000000 0.000000 0.000000 1.000000 0.000000 1.000000 0.000000 -1.000000 0.000000 0.000000 32525.dat
0 Step
1 15 79.999989 -0.000020 520.000000 1.000000 0.000000 0.000000 0.000000 1.000000 0.000000 0.000000 0.000000 1.000000 32524.dat
0 Step
1 15 80.000000 -0.000020 20.000000 1.000000 0.000000 0.000000 0.000000 1.000000 0.000000 0.000000 0.000000 1.000000 32524.dat
0 Step
1 15 140.000000 19.999980 0.000000 0.000000 0.000000 1.000000 0.000000 1.000000 0.000000 -1.000000 0.000000 0.000000 32525.dat
0 Step
1 15 240.000000 -0.000020 520.000000 1.000000 0.000000 0.000000 0.000000 1.000000 0.000000 0.000000 0.000000 1.000000 40490.dat
0 Step
1 15 -0.000040 -0.000020 400.000000 0.000000 0.000000 1.000000 0.000000 1.000000 0.000000 -1.000000 0.000000 0.000000 32316.dat
0 Step
1 15 79.999987 -20.000020 450.000000 1.000000 0.000000 0.000000 0.000000 1.000000 0.000000 0.000000 0.000000 1.000000 43857.dat
0 Step
1 15 -0.000040 19.999980 100.000000 0.000000 0.000000 1.000000 0.000000 1.000000 0.000000 -1.000000 0.000000 0.000000 40490.dat
0 Step
1 15 79.999968 -20.000020 120.000000 1.000000 0.000000 0.000000 0.000000 1.000000 0.000000 0.000000 0.000000 1.000000 32316.dat
0 Step
1 15 -0.000040 -0.000020 300.000000 0.000000 0.000000 1.000000 0.000000 1.000000 0.000000 -1.000000 0.000000 0.000000 32316.dat
0 Step
1 15 -0.000040 -0.000020 200.000000 0.000000 0.000000 1.000000 0.000000 1.000000 0.000000 -1.000000 0.000000 0.000000 32316.dat
0 Step
1 15 240.000000 -0.000020 20.000000 1.000000 0.000000 0.000000 0.000000 1.000000 0.000000 0.000000 0.000000 1.000000 40490.dat
0 Step
1 15 119.999960 -0.000020 100.000000 0.000000 0.000000 1.000000 0.000000 1.000000 0.000000 -1.000000 0.000000 0.000000 32316.dat
0 Step
1 15 240.000000 19.999980 430.000000 1.000000 0.000000 0.000000 0.000000 1.000000 0.000000 0.000000 0.000000 1.000000 43857.dat
0 Step
1 15 139.999960 19.999980 400.000000 0.000000 0.000000 1.000000 0.000000 1.000000 0.000000 -1.000000 0.000000 0.000000 32525.dat
0 Step
1 15 79.999965 -0.000020 300.000000 1.000000 0.000000 0.000000 0.000000 1.000000 0.000000 0.000000 0.000000 1.000000 32278.dat
0 Step
1 15 139.999960 19.999980 300.000000 0.000000 0.000000 1.000000 0.000000 1.000000 0.000000 -1.000000 0.000000 0.000000 32525.dat
0 Step
1 15 139.999960 19.999980 200.000000 0.000000 0.000000 1.000000 0.000000 1.000000 0.000000 -1.000000 0.000000 0.000000 32525.dat
0 Step
1 15 159.999980 -20.000020 100.000000 0.000000 -0.000000 1.000000 -0.000000 -1.000000 -0.000000 1.000000 0.000000 -0.000000 32526.dat
0 Step
1 15 240.000000 -0.000020 280.000000 1.000000 0.000000 0.000000 0.000000 1.000000 0.000000 0.000000 0.000000 1.000000 32278.dat