1 4 -240.000000 -60.000000 -30.000000 -1.000000 0.000000 0.000000 -0.000000 -1.000000 0.000000 -0.000000 0.000000 -1.000000 32449_double.dat
1 4 40.000000 -80.000000 60.000000 0.000000 0.000000 1.000000 0.000000 -1.000000 0.000000 -1.000000 0.000000 0.000000 32278.dat
1 4 -277.712361 -80.000000 -46.666667 0.333333 0.000000 -0.942809 0.000000 -1.000000 0.000000 0.942809 0.000000 0.333333 32523.dat
1 4 80.000000 -60.000000 50.000000 1.000000 0.000000 0.000000 0.000000 -1.000000 0.000000 0.000000 0.000000 1.000000 43857.dat
1 4 -353.137085 -60.000000 -20.000000 0.333333 0.000000 -0.942809 0.000000 -1.000000 0.000000 0.942809 0.000000 0.333333 32524.dat
1 4 210.000000 -100.000000 60.000000 0.000000 0.000000 -1.000000 0.000000 -1.000000 0.000000 1.000000 0.000000 0.000000 32449_double.dat
1 4 -80.000000 -60.000000 0.000000 1.000000 0.000000 0.000000 0.000000 -1.000000 0.000000 0.000000 0.000000 1.000000 32524.dat
1 4 240.000000 -80.000000 0.000000 -1.000000 0.000000 0.000000 -0.000000 -1.000000 0.000000 -0.000000 0.000000 -1.000000 32524.dat
1 4 100.000000 -60.000000 -60.000000 0.000000 0.000000 -1.000000 0.000000 -1.000000 0.000000 1.000000 0.000000 0.000000 32278.dat
1 4 80.000000 -80.000000 -10.000000 1.000000 0.000000 0.000000 0.000000 -1.000000 0.000000 0.000000 0.000000 1.000000 32063_double.dat
1 4 -160.000000 -60.000000 60.000000 0.000000 0.000000 1.000000 0.000000 -1.000000 0.000000 -1.000000 0.000000 0.000000 32524.dat
1 4 315.424723 -80.000000 -33.333333 -0.333333 0.000000 -0.942809 0.000000 -1.000000 -0.000000 0.942809 0.000000 -0.333333 32524.dat
1 4 -296.568542 -60.000000 40.000000 -0.333333 0.000000 -0.942809 0.000000 -1.000000 -0.000000 0.942809 0.000000 -0.333333 32524.dat
1 4 400.277537 -80.000000 3.333333 0.333333 0.000000 -0.942809 0.000000 -1.000000 0.000000 0.942809 0.000000 0.333333 43857.dat
1 4 -249.428090 -100.000000 -56.666667 -0.333333 0.000000 0.942809 -0.000000 -1.000000 0.000000 -0.942809 0.000000 -0.333333 43857.dat
1 4 -140.000000 -80.000000 -60.000000 0.000000 0.000000 1.000000 0.000000 -1.000000 0.000000 -1.000000 0.000000 0.000000 32525.dat
1 4 -240.000000 -80.000000 0.000000 1.000000 0.000000 0.000000 0.000000 -1.000000 0.000000 0.000000 0.000000 1.000000 32140.dat
1 4 249.428090 -100.000000 -56.666667 -0.333333 0.000000 -0.942809 0.000000 -1.000000 -0.000000 0.942809 0.000000 -0.333333 43857.dat
1 4 315.424723 -60.000000 33.333333 -0.333333 0.000000 0.942809 -0.000000 -1.000000 0.000000 -0.942809 0.000000 -0.333333 40490.dat
1 4 -381.421356 -80.000000 10.000000 0.333333 0.000000 0.942809 0.000000 -1.000000 0.000000 -0.942809 0.000000 0.333333 32449_double.dat
1 4 390.849447 -100.000000 -6.666667 -0.333333 0.000000 -0.942809 0.000000 -1.000000 -0.000000 0.942809 0.000000 -0.333333 32523.dat
1 15 -240.000000 60.000000 -30.000000 -1.000000 0.000000 0.000000 0.000000 1.000000 0.000000 -0.000000 0.000000 -1.000000 32449_double.dat
1 15 40.000000 80.000000 60.000000 0.000000 0.000000 1.000000 0.000000 1.000000 0.000000 -1.000000 0.000000 0.000000 32278.dat
1 15 -277.712361 80.000000 -46.666667 0.333333 0.000000 -0.942809 0.000000 1.000000 0.000000 0.942809 0.000000 0.333333 32523.dat
1 15 80.000000 60.000000 50.000000 1.000000 0.000000 0.000000 0.000000 1.000000 0.000000 0.000000 0.000000 1.000000 43857.dat
1 15 -353.137085 60.000000 -20.000000 0.333333 0.000000 -0.942809 0.000000 1.000000 0.000000 0.942809 0.000000 0.333333 32524.dat
1 15 210.000000 100.000000 60.000000 0.000000 0.000000 -1.000000 0.000000 1.000000 0.000000 1.000000 0.000000 0.000000 32449_double.dat
1 15 -80.000000 60.000000 0.000000 1.000000 0.000000 0.000000 0.000000 1.000000 0.000000 0.000000 0.000000 1.000000 32524.dat
1 15 240.000000 80.000000 0.000000 -1.000000 0.000000 0.000000 0.000000 1.000000 0.000000 -0.000000 0.000000 -1.000000 32524.dat
1 15 100.000000 60.000000 -60.000000 0.000000 0.000000 -1.000000 0.000000 1.000000 0.000000 1.000000 0.000000 0.000000 32278.dat
1 15 80.000000 80.000000 -10.000000 1.000000 0.000000 0.000000 0.000000 1.000000 0.000000 0.000000 0.000000 1.000000 32063_double.dat
1 15 -160.000000 60.000000 60.000000 0.000000 0.000000 1.000000 0.000000 1.000000 0.000000 -1.000000 0.000000 0.000000 32524.dat
1 15 315.424723 80.000000 -33.333333 -0.333333 0.000000 -0.942809 0.000000 1.000000 0.000000 0.942809 0.000000 -0.333333 32524.dat
1 15 -296.568542 60.000000 40.000000 -0.333333 0.000000 -0.942809 0.000000 1.000000 0.000000 0.942809 0.000000 -0.333333 32524.dat
1 15 400.277537 80.000000 3.333333 0.333333 0.000000 -0.942809 0.000000 1.000000 0.000000 0.942809 0.000000 0.333333 43857.dat
1 15 -249.428090 100.000000 -56.666667 -0.333333 0.000000 0.942809 0.000000 1.000000 0.000000 -0.942809 0.000000 -0.333333 43857.dat
1 15 -140.000000 80.000000 -60.000000 0.000000 0.000000 1.000000 0.000000 1.000000 0.000000 -1.000000 0.000000 0.000000 32525.dat
1 15 -240.000000 80.000000 0.000000 1.000000 0.000000 0.000000 0.000000 1.000000 0.000000 0.000000 0.000000 1.000000 32140.dat
1 15 249.428090 100.000000 -56.666667 -0.333333 -0.000000 -0.942809 0.000000 1.000000 0.000000 0.942809 0.000000 -0.333333 43857.dat
1 15 315.424723 60.000000 33.333333 -0.333333 0.000000 0.942809 0.000000 1.000000 0.000000 -0.942809 0.000000 -0.333333 40490.dat
1 15 -381.421356 80.000000 10.000000 0.333333 0.000000 0.942809 0.000000 1.000000 0.000000 -0.942809 0.000000 0.333333 32449_double.dat
1 15 390.849447 100.000000 -6.666667 -0.333333 0.000000 -0.942809 0.000000 1.000000 0.000000 0.942809 0.000000 -0.333333 32523.dat
1 15 -240.000000 -0.000000 -60.000000 -1.000000 -0.000000 0.000000 0.000000 -0.000000 1.000000 0.000000 1.000000 0.000000 32316.dat
1 15 -389.705627 -0.000000 0.000000 0.000000 -1.000000 0.000000 0.000000 0.000000 1.000000 -1.000000 -0.000000 0.000000 32316.dat
1 15 409.705627 0.000000 20.000000 1.000000 0.000000 0.000000 0.000000 0.000000 -1.000000 0.000000 1.000000 0.000000 32524.dat
1 15 240.000000 0.000000 -60.000000 0.000000 -1.000000 0.000000 0.000000 0.000000 -1.000000 1.000000 0.000000 0.000000 32316.dat
1 15 240.000000 -0.000000 60.000000 -1.000000 -0.000000 0.000000 0.000000 -0.000000 1.000000 0.000000 1.000000 0.000000 32316.dat
1 15 -80.000000 0.000000 -60.000000 1.000000 0.000000 0.000000 0.000000 0.000000 -1.000000 0.000000 1.000000 0.000000 32316.dat
1 15 80.000000 -0.000000 -60.000000 0.000000 -1.000000 0.000000 0.000000 0.000000 1.000000 -1.000000 -0.000000 0.000000 32316.dat
1 15 -80.000000 0.000000 60.000000 1.000000 0.000000 0.000000 0.000000 0.000000 -1.000000 0.000000 1.000000 0.000000 32316.dat
1 15 -240.000000 0.000000 60.000000 0.000000 -1.000000 0.000000 0.000000 0.000000 -1.000000 1.000000 0.000000 0.000000 32316.dat
1 15 80.000000 0.000000 60.000000 1.000000 0.000000 0.000000 0.000000 0.000000 -1.000000 0.000000 1.000000 0.000000 32316.dat
