1 15 334.280904 -40.000000 26.666667 -0.333333 0.000000 0.942809 0.000000 1.000000 0.000000 -0.942809 0.000000 -0.333333 40490.dat
1 15 249.428090 -80.000000 -56.666667 -0.333333 -0.000000 -0.942809 0.000000 1.000000 0.000000 0.942809 0.000000 -0.333333 43857.dat
1 15 240.000000 -40.000000 0.000000 -1.000000 0.000000 0.000000 0.000000 1.000000 0.000000 -0.000000 0.000000 -1.000000 32524.dat
1 15 -400.277537 -60.000000 3.333333 0.333333 0.000000 0.942809 0.000000 1.000000 0.000000 -0.942809 0.000000 0.333333 43857.dat
1 15 -249.428091 -20.000000 -56.666667 0.333333 0.000000 -0.942809 0.000000 1.000000 0.000000 0.942809 0.000000 0.333333 43857.dat
1 15 249.428090 -20.000000 56.666667 0.333333 0.000000 -0.942809 0.000000 1.000000 0.000000 0.942809 0.000000 0.333333 43857.dat
1 15 -334.280904 -40.000000 -26.666667 -0.333333 0.000000 0.942809 0.000000 1.000000 0.000000 -0.942809 0.000000 -0.333333 40490.dat
1 15 334.280904 -60.000000 -26.666667 -0.333333 0.000000 -0.942809 0.000000 1.000000 0.000000 0.942809 0.000000 -0.333333 40490.dat
1 15 100.000000 -60.000000 60.000000 0.000000 0.000000 -1.000000 0.000000 1.000000 0.000000 1.000000 0.000000 0.000000 32278.dat
1 15 -80.000000 -60.000000 -0.000000 1.000000 0.000000 0.000000 0.000000 1.000000 0.000000 0.000000 0.000000 1.000000 32524.dat
1 15 -140.000000 -40.000000 60.000000 0.000000 0.000000 1.000000 0.000000 1.000000 0.000000 -1.000000 0.000000 0.000000 32525.dat
1 15 -315.424723 -80.000000 33.333333 -0.333333 -0.000000 -0.942809 0.000000 1.000000 0.000000 0.942809 0.000000 -0.333333 40490.dat
1 15 -240.000000 -60.000000 0.000000 -1.000000 0.000000 0.000000 0.000000 1.000000 0.000000 -0.000000 0.000000 -1.000000 32524.dat
1 15 -140.000000 -40.000000 -60.000000 0.000000 0.000000 1.000000 0.000000 1.000000 0.000000 -1.000000 0.000000 0.000000 32525.dat
1 15 100.000000 -60.000000 -60.000000 0.000000 0.000000 -1.000000 0.000000 1.000000 0.000000 1.000000 0.000000 0.000000 32278.dat
1 15 80.000000 -40.000000 0.000000 1.000000 0.000000 0.000000 0.000000 1.000000 0.000000 0.000000 0.000000 1.000000 32524.dat
1 15 249.428090 20.000000 56.666667 0.333333 0.000000 -0.942809 0.000000 1.000000 0.000000 0.942809 0.000000 0.333333 43857.dat
1 15 -334.280904 40.000000 -26.666667 0.333333 0.000000 -0.942809 0.000000 1.000000 0.000000 0.942809 0.000000 0.333333 40490.dat
1 15 -240.000000 40.000000 0.000000 1.000000 0.000000 0.000000 0.000000 1.000000 0.000000 0.000000 0.000000 1.000000 32524.dat
1 15 -100.000000 60.000000 -60.000000 0.000000 0.000000 1.000000 0.000000 1.000000 0.000000 -1.000000 0.000000 0.000000 32278.dat
1 15 -249.428090 20.000000 -56.666667 -0.333333 0.000000 0.942809 0.000000 1.000000 0.000000 -0.942809 0.000000 -0.333333 43857.dat
1 15 400.277537 60.000000 -3.333333 0.333333 0.000000 0.942809 0.000000 1.000000 0.000000 -0.942809 0.000000 0.333333 43857.dat
1 15 -334.280904 60.000000 26.666667 0.333333 0.000000 0.942809 0.000000 1.000000 0.000000 -0.942809 0.000000 0.333333 40490.dat
1 15 -249.428090 80.000000 56.666667 0.333333 0.000000 0.942809 0.000000 1.000000 0.000000 -0.942809 0.000000 0.333333 43857.dat
1 15 140.000000 40.000000 60.000000 0.000000 0.000000 -1.000000 0.000000 1.000000 0.000000 1.000000 0.000000 0.000000 32525.dat
1 15 -100.000000 60.000000 60.000000 0.000000 0.000000 1.000000 0.000000 1.000000 0.000000 -1.000000 0.000000 0.000000 32278.dat
1 15 -80.000000 40.000000 0.000000 1.000000 0.000000 0.000000 0.000000 1.000000 0.000000 0.000000 0.000000 1.000000 32524.dat
1 15 80.000000 60.000000 0.000000 1.000000 0.000000 0.000000 0.000000 1.000000 0.000000 0.000000 0.000000 1.000000 32524.dat
1 15 140.000000 40.000000 -60.000000 0.000000 0.000000 1.000000 0.000000 1.000000 0.000000 -1.000000 0.000000 0.000000 32525.dat
1 15 334.280904 40.000000 26.666667 -0.333333 0.000000 0.942809 0.000000 1.000000 0.000000 -0.942809 0.000000 -0.333333 40490.dat
1 15 315.424723 80.000000 -33.333333 0.333333 0.000000 0.942809 0.000000 1.000000 0.000000 -0.942809 0.000000 0.333333 40490.dat
1 15 240.000000 60.000000 0.000000 1.000000 0.000000 0.000000 0.000000 1.000000 0.000000 0.000000 0.000000 1.000000 32524.dat
1 4 80.000000 -0.000000 60.000000 -1.000000 -0.000000 0.000000 0.000000 -0.000000 1.000000 0.000000 -1.000000 -0.000000 32523.dat
1 15 80.000000 -0.000000 -60.000000 -1.000000 -0.000000 0.000000 0.000000 -0.000000 1.000000 0.000000 1.000000 0.000000 32523.dat
1 4 240.000000 0.000000 60.000000 -1.000000 0.000000 0.000000 0.000000 0.000000 -1.000000 0.000000 1.000000 0.000000 32523.dat
1 15 -240.000000 0.000000 60.000000 1.000000 0.000000 0.000000 0.000000 0.000000 -1.000000 0.000000 1.000000 0.000000 32523.dat
1 4 80.000000 0.000000 60.000000 -1.000000 0.000000 0.000000 0.000000 0.000000 -1.000000 0.000000 1.000000 0.000000 32523.dat
1 15 -80.000000 0.000000 60.000000 1.000000 0.000000 0.000000 0.000000 0.000000 -1.000000 0.000000 1.000000 0.000000 32523.dat
1 4 409.705627 -0.000000 0.000000 1.000000 0.000000 -0.000000 0.000000 -0.000000 1.000000 0.000000 1.000000 0.000000 32523.dat
1 15 -409.705627 -0.000000 0.000000 -1.000000 -0.000000 0.000000 0.000000 -0.000000 1.000000 0.000000 1.000000 0.000000 32523.dat
