1 4 381.421356 -20.000000 -10.000000 -0.333333 0.000000 -0.942809 0.000000 -1.000000 -0.000000 0.942809 0.000000 -0.333333 32449_double.dat
1 4 381.421356 -40.000000 10.000000 -0.333333 0.000000 0.942809 -0.000000 -1.000000 0.000000 -0.942809 0.000000 -0.333333 32449_double.dat
1 4 120.000000 -20.000000 -60.000000 0.000000 0.000000 -1.000000 0.000000 -1.000000 0.000000 1.000000 0.000000 0.000000 41239.dat
1 4 120.000000 -20.000000 60.000000 0.000000 0.000000 -1.000000 0.000000 -1.000000 0.000000 1.000000 0.000000 0.000000 40490.dat
1 4 80.000000 -40.000000 0.000000 1.000000 0.000000 0.000000 0.000000 -1.000000 0.000000 0.000000 0.000000 1.000000 32524.dat
1 4 240.000000 -60.000000 -20.000000 1.000000 0.000000 0.000000 0.000000 -1.000000 0.000000 0.000000 0.000000 1.000000 32316.dat
1 4 296.568542 -40.000000 -40.000000 0.333333 0.000000 0.942809 0.000000 -1.000000 0.000000 -0.942809 0.000000 0.333333 32524.dat
1 4 -334.280904 -40.000000 -26.666667 0.333333 0.000000 -0.942809 0.000000 -1.000000 0.000000 0.942809 0.000000 0.333333 40490.dat
1 4 -390.849447 -20.000000 6.666667 0.333333 0.000000 0.942809 0.000000 -1.000000 0.000000 -0.942809 0.000000 0.333333 32523.dat
1 4 -315.424723 -40.000000 33.333333 0.333333 0.000000 0.942809 0.000000 -1.000000 0.000000 -0.942809 0.000000 0.333333 32524.dat
1 4 296.568542 -20.000000 40.000000 -0.333333 0.000000 0.942809 -0.000000 -1.000000 0.000000 -0.942809 0.000000 -0.333333 32524.dat
1 4 240.000000 -40.000000 60.000000 -1.000000 0.000000 0.000000 -0.000000 -1.000000 0.000000 -0.000000 0.000000 -1.000000 32056_double.dat
1 4 -249.428090 -60.000000 56.666667 0.333333 0.000000 0.942809 0.000000 -1.000000 0.000000 -0.942809 0.000000 0.333333 43857.dat
1 4 -80.000000 -20.000000 0.000000 1.000000 0.000000 0.000000 0.000000 -1.000000 0.000000 0.000000 0.000000 1.000000 32524.dat
1 4 -120.000000 -40.000000 -60.000000 0.000000 0.000000 1.000000 0.000000 -1.000000 0.000000 -1.000000 0.000000 0.000000 41239.dat
1 4 -240.000000 -20.000000 0.000000 -1.000000 0.000000 0.000000 -0.000000 -1.000000 0.000000 -0.000000 0.000000 -1.000000 32524.dat
1 4 -100.000000 -40.000000 60.000000 0.000000 0.000000 1.000000 0.000000 -1.000000 0.000000 -1.000000 0.000000 0.000000 32278.dat
1 4 -249.428090 -60.000000 -56.666667 -0.333333 0.000000 0.942809 -0.000000 -1.000000 0.000000 -0.942809 0.000000 -0.333333 43857.dat
1 15 381.421356 20.000000 -10.000000 -0.333333 0.000000 -0.942809 0.000000 1.000000 0.000000 0.942809 0.000000 -0.333333 32449_double.dat
1 15 381.421356 40.000000 10.000000 -0.333333 0.000000 0.942809 0.000000 1.000000 0.000000 -0.942809 0.000000 -0.333333 32449_double.dat
1 15 120.000000 20.000000 -60.000000 0.000000 0.000000 -1.000000 0.000000 1.000000 0.000000 1.000000 0.000000 0.000000 41239.dat
1 15 120.000000 20.000000 60.000000 0.000000 0.000000 -1.000000 0.000000 1.000000 0.000000 1.000000 0.000000 0.000000 40490.dat
1 15 80.000000 40.000000 0.000000 1.000000 0.000000 0.000000 0.000000 1.000000 0.000000 0.000000 0.000000 1.000000 32524.dat
1 15 240.000000 60.000000 -20.000000 1.000000 0.000000 0.000000 0.000000 1.000000 0.000000 0.000000 0.000000 1.000000 32316.dat
1 15 296.568542 40.000000 -40.000000 0.333333 0.000000 0.942809 0.000000 1.000000 0.000000 -0.942809 0.000000 0.333333 32524.dat
1 15 -334.280904 40.000000 -26.666667 0.333333 0.000000 -0.942809 0.000000 1.000000 0.000000 0.942809 0.000000 0.333333 40490.dat
1 15 -390.849447 20.000000 6.666667 0.333333 0.000000 0.942809 0.000000 1.000000 0.000000 -0.942809 0.000000 0.333333 32523.dat
1 15 -315.424723 40.000000 33.333333 0.333333 0.000000 0.942809 0.000000 1.000000 0.000000 -0.942809 0.000000 0.333333 32524.dat
1 15 296.568542 20.000000 40.000000 -0.333333 0.000000 0.942809 0.000000 1.000000 0.000000 -0.942809 0.000000 -0.333333 32524.dat
1 15 240.000000 40.000000 60.000000 -1.000000 0.000000 0.000000 0.000000 1.000000 0.000000 -0.000000 0.000000 -1.000000 32056_double.dat
1 15 -249.428090 60.000000 56.666667 0.333333 0.000000 0.942809 0.000000 1.000000 0.000000 -0.942809 0.000000 0.333333 43857.dat
1 15 -80.000000 20.000000 0.000000 1.000000 0.000000 0.000000 0.000000 1.000000 0.000000 0.000000 0.000000 1.000000 32524.dat
1 15 -120.000000 40.000000 -60.000000 0.000000 0.000000 1.000000 0.000000 1.000000 0.000000 -1.000000 0.000000 0.000000 41239.dat
1 15 -240.000000 20.000000 0.000000 -1.000000 0.000000 0.000000 0.000000 1.000000 0.000000 -0.000000 0.000000 -1.000000 32524.dat
1 15 -100.000000 40.000000 60.000000 0.000000 0.000000 1.000000 0.000000 1.000000 0.000000 -1.000000 0.000000 0.000000 32278.dat
1 15 -249.428090 60.000000 -56.666667 -0.333333 0.000000 0.942809 0.000000 1.000000 0.000000 -0.942809 0.000000 -0.333333 43857.dat
