1 4 315.424723 -40.000000 -33.333333 -0.333333 0.000000 -0.942809 0.000000 -1.000000 -0.000000 0.942809 0.000000 -0.333333 32524.dat
1 4 249.428090 -20.000000 -56.666667 -0.333333 0.000000 -0.942809 0.000000 -1.000000 -0.000000 0.942809 0.000000 -0.333333 43857.dat
1 4 390.849447 -60.000000 -6.666667 -0.333333 0.000000 -0.942809 0.000000 -1.000000 -0.000000 0.942809 0.000000 -0.333333 32523.dat
1 4 334.280904 -40.000000 26.666667 -0.333333 0.000000 0.942809 -0.000000 -1.000000 0.000000 -0.942809 0.000000 -0.333333 40490.dat
1 4 -287.140452 -40.000000 43.333333 -0.333333 0.000000 -0.942809 0.000000 -1.000000 -0.000000 0.942809 0.000000 -0.333333 32063_double.dat
1 4 -343.708995 -60.000000 23.333333 -0.333333 0.000000 -0.942809 0.000000 -1.000000 -0.000000 0.942809 0.000000 -0.333333 43857.dat
1 4 -362.565176 -40.000000 16.666667 -0.333333 0.000000 -0.942809 0.000000 -1.000000 -0.000000 0.942809 0.000000 -0.333333 43857.dat
1 4 249.428090 -20.000000 56.666667 -0.333333 0.000000 0.942809 -0.000000 -1.000000 0.000000 -0.942809 0.000000 -0.333333 43857.dat
1 4 80.000000 -60.000000 0.000000 1.000000 0.000000 0.000000 0.000000 -1.000000 0.000000 0.000000 0.000000 1.000000 32524.dat
1 4 -240.000000 -20.000000 20.000000 -1.000000 0.000000 0.000000 -0.000000 -1.000000 0.000000 -0.000000 0.000000 -1.000000 32316.dat
1 4 -390.849447 -60.000000 6.666667 0.333333 0.000000 0.942809 0.000000 -1.000000 0.000000 -0.942809 0.000000 0.333333 32523.dat
1 4 -334.280904 -40.000000 -26.666667 0.333333 0.000000 -0.942809 0.000000 -1.000000 0.000000 0.942809 0.000000 0.333333 40490.dat
1 4 -249.428090 -60.000000 -56.666667 -0.333333 0.000000 0.942809 -0.000000 -1.000000 0.000000 -0.942809 0.000000 -0.333333 43857.dat
1 4 -240.000000 -40.000000 -60.000000 1.000000 0.000000 0.000000 0.000000 -1.000000 0.000000 0.000000 0.000000 1.000000 32056_double.dat
1 4 -120.000000 -60.000000 -60.000000 0.000000 0.000000 1.000000 0.000000 -1.000000 0.000000 -1.000000 0.000000 0.000000 40490.dat
1 4 -80.000000 -40.000000 0.000000 1.000000 0.000000 0.000000 0.000000 -1.000000 0.000000 0.000000 0.000000 1.000000 32524.dat
1 4 -140.000000 -60.000000 60.000000 0.000000 0.000000 1.000000 0.000000 -1.000000 0.000000 -1.000000 0.000000 0.000000 32525.dat
1 4 100.000000 -40.000000 60.000000 0.000000 0.000000 -1.000000 0.000000 -1.000000 0.000000 1.000000 0.000000 0.000000 32278.dat
1 4 240.000000 -60.000000 0.000000 -1.000000 0.000000 0.000000 -0.000000 -1.000000 0.000000 -0.000000 0.000000 -1.000000 32524.dat
1 4 100.000000 -40.000000 -60.000000 0.000000 0.000000 -1.000000 0.000000 -1.000000 0.000000 1.000000 0.000000 0.000000 32278.dat
1 15 315.424723 40.000000 -33.333333 -0.333333 0.000000 -0.942809 0.000000 1.000000 0.000000 0.942809 0.000000 -0.333333 32524.dat
1 15 249.428090 20.000000 -56.666667 -0.333333 -0.000000 -0.942809 0.000000 1.000000 0.000000 0.942809 0.000000 -0.333333 43857.dat
1 15 390.849447 60.000000 -6.666667 -0.333333 0.000000 -0.942809 0.000000 1.000000 0.000000 0.942809 0.000000 -0.333333 32523.dat
1 15 334.280904 40.000000 26.666667 -0.333333 0.000000 0.942809 0.000000 1.000000 0.000000 -0.942809 0.000000 -0.333333 40490.dat
1 15 -287.140452 40.000000 43.333333 -0.333333 0.000000 -0.942809 0.000000 1.000000 0.000000 0.942809 0.000000 -0.333333 32063_double.dat
1 15 -343.708995 60.000000 23.333333 -0.333333 -0.000000 -0.942809 0.000000 1.000000 0.000000 0.942809 0.000000 -0.333333 43857.dat
1 15 -362.565176 40.000000 16.666667 -0.333333 -0.000000 -0.942809 0.000000 1.000000 0.000000 0.942809 0.000000 -0.333333 43857.dat
1 15 249.428090 20.000000 56.666667 -0.333333 0.000000 0.942809 0.000000 1.000000 0.000000 -0.942809 0.000000 -0.333333 43857.dat
1 15 80.000000 60.000000 0.000000 1.000000 0.000000 0.000000 0.000000 1.000000 0.000000 0.000000 0.000000 1.000000 32524.dat
1 15 -240.000000 20.000000 20.000000 -1.000000 0.000000 0.000000 0.000000 1.000000 0.000000 -0.000000 0.000000 -1.000000 32316.dat
1 15 -390.849447 60.000000 6.666667 0.333333 0.000000 0.942809 0.000000 1.000000 0.000000 -0.942809 0.000000 0.333333 32523.dat
1 15 -334.280904 40.000000 -26.666667 0.333333 0.000000 -0.942809 0.000000 1.000000 0.000000 0.942809 0.000000 0.333333 40490.dat
1 15 -249.428090 60.000000 -56.666667 -0.333333 0.000000 0.942809 0.000000 1.000000 0.000000 -0.942809 0.000000 -0.333333 43857.dat
1 15 -240.000000 40.000000 -60.000000 1.000000 0.000000 0.000000 0.000000 1.000000 0.000000 0.000000 0.000000 1.000000 32056_double.dat
1 15 -120.000000 60.000000 -60.000000 0.000000 0.000000 1.000000 0.000000 1.000000 0.000000 -1.000000 0.000000 0.000000 40490.dat
1 15 -80.000000 40.000000 0.000000 1.000000 0.000000 0.000000 0.000000 1.000000 0.000000 0.000000 0.000000 1.000000 32524.dat
1 15 -140.000000 60.000000 60.000000 0.000000 0.000000 1.000000 0.000000 1.000000 0.000000 -1.000000 0.000000 0.000000 32525.dat
1 15 100.000000 40.000000 60.000000 0.000000 0.000000 -1.000000 0.000000 1.000000 0.000000 1.000000 0.000000 0.000000 32278.dat
1 15 240.000000 60.000000 0.000000 -1.000000 0.000000 0.000000 0.000000 1.000000 0.000000 -0.000000 0.000000 -1.000000 32524.dat
1 15 100.000000 40.000000 -60.000000 0.000000 0.000000 -1.000000 0.000000 1.000000 0.000000 1.000000 0.000000 0.000000 32278.dat
1 4 240.000000 -0.000000 -60.000000 1.000000 0.000000 -0.000000 0.000000 -0.000000 1.000000 0.000000 1.000000 0.000000 32523.dat
1 15 -240.000000 -0.000000 -60.000000 -1.000000 -0.000000 0.000000 0.000000 -0.000000 1.000000 0.000000 1.000000 0.000000 32523.dat
1 4 409.705627 -0.000000 0.000000 1.000000 0.000000 -0.000000 0.000000 -0.000000 1.000000 0.000000 1.000000 0.000000 32523.dat
1 15 -409.705627 -0.000000 0.000000 -1.000000 -0.000000 0.000000 0.000000 -0.000000 1.000000 0.000000 1.000000 0.000000 32523.dat
1 4 80.000000 0.000000 -60.000000 0.000000 -1.000000 0.000000 0.000000 0.000000 -1.000000 -1.000000 -0.000000 -0.000000 32523.dat
1 15 80.000000 0.000000 60.000000 0.000000 -1.000000 0.000000 0.000000 0.000000 -1.000000 1.000000 0.000000 0.000000 32523.dat
