1 15 615.000330 -180.000000 43.299429 -0.866019 0.000000 0.500011 0.000000 1.000000 0.000000 -0.500011 0.000000 -0.866019 32449_double.dat
1 15 -160.000000 -180.000000 40.000000 -1.000000 0.000000 0.000000 0.000000 1.000000 0.000000 -0.000000 0.000000 -1.000000 32523.dat
1 15 634.999890 -160.000000 -8.660191 0.866019 0.000000 0.500011 0.000000 1.000000 0.000000 -0.500011 0.000000 0.866019 43857.dat
1 15 595.000110 -160.000000 77.939809 0.866019 0.000000 -0.500011 0.000000 1.000000 0.000000 0.500011 0.000000 0.866019 43857.dat
1 15 609.999560 -180.000000 -51.960762 -0.866019 0.000000 -0.500011 0.000000 1.000000 0.000000 0.500011 0.000000 -0.866019 32316.dat
1 15 540.000000 -180.000000 86.600000 0.000000 0.000000 1.000000 0.000000 1.000000 0.000000 -1.000000 0.000000 0.000000 32063_double.dat
1 15 635.000110 -200.000000 8.659810 0.866019 0.000000 -0.500011 0.000000 1.000000 0.000000 0.500011 0.000000 0.866019 43857.dat
1 15 440.000000 -160.000000 0.000000 0.000000 0.000000 1.000000 0.000000 1.000000 0.000000 -1.000000 0.000000 0.000000 32524.dat
1 15 469.999560 -180.000000 -51.959238 0.866019 0.000000 -0.500011 0.000000 1.000000 0.000000 0.500011 0.000000 0.866019 32316.dat
1 15 -160.000000 -160.000000 70.000000 -1.000000 0.000000 0.000000 0.000000 1.000000 0.000000 -0.000000 0.000000 -1.000000 43857.dat
1 15 195.000110 -200.000000 8.659810 0.866019 0.000000 -0.500011 0.000000 1.000000 0.000000 0.500011 0.000000 0.866019 43857.dat
1 15 189.999999 -160.000000 160.000000 0.000000 0.000000 -1.000000 0.000000 1.000000 0.000000 1.000000 0.000000 0.000000 43857.dat
1 15 154.999890 -160.000000 77.940191 -0.866019 0.000000 0.500011 0.000000 1.000000 0.000000 -0.500011 0.000000 -0.866019 43857.dat
1 15 445.000110 -200.000000 -8.660191 0.866019 0.000000 -0.500011 0.000000 1.000000 0.000000 0.500011 0.000000 0.866019 43857.dat
1 15 44.999890 -160.000000 -77.939809 -0.866019 0.000000 0.500011 0.000000 1.000000 0.000000 -0.500011 0.000000 -0.866019 43857.dat
1 15 154.999890 -160.000000 -77.940190 0.866019 0.000000 0.500011 0.000000 1.000000 0.000000 -0.500011 0.000000 0.866019 43857.dat
1 15 5.000110 -200.000000 -8.660191 0.866019 0.000000 -0.500011 0.000000 1.000000 0.000000 0.500011 0.000000 0.866019 43857.dat
1 15 24.999670 -180.000000 -43.299429 0.866019 0.000000 -0.500011 0.000000 1.000000 0.000000 0.500011 0.000000 0.866019 32449_double.dat
1 15 485.000110 -160.000000 77.940190 -0.866019 -0.000000 -0.500011 0.000000 1.000000 0.000000 0.500011 0.000000 -0.866019 43857.dat
1 15 460.000220 -180.000000 34.640381 0.866019 0.000000 0.500011 0.000000 1.000000 0.000000 -0.500011 0.000000 0.866019 32316.dat
1 15 339.999999 -180.000000 160.000000 0.000000 0.000000 1.000000 0.000000 1.000000 0.000000 -1.000000 0.000000 0.000000 32278.dat
1 15 100.000000 -180.000000 86.600000 0.000000 0.000000 -1.000000 0.000000 1.000000 0.000000 1.000000 0.000000 0.000000 32063_double.dat
1 15 100.000000 -180.000000 -86.600000 0.000000 0.000000 -1.000000 0.000000 1.000000 0.000000 1.000000 0.000000 0.000000 32063_double.dat
1 15 640.000000 -180.000000 0.000000 0.000000 0.000000 1.000000 0.000000 1.000000 0.000000 -1.000000 0.000000 0.000000 32278.dat
1 15 -160.000000 -160.000000 10.000000 -1.000000 0.000000 0.000000 0.000000 1.000000 0.000000 -0.000000 0.000000 -1.000000 43857.dat
1 15 639.999999 -180.000000 160.000000 0.000000 0.000000 1.000000 0.000000 1.000000 0.000000 -1.000000 0.000000 0.000000 32278.dat
1 15 780.000000 -160.000000 80.000000 1.000000 0.000000 0.000000 0.000000 1.000000 0.000000 0.000000 0.000000 1.000000 40490.dat
1 15 540.000000 -160.000000 -86.600000 0.000000 0.000000 -1.000000 0.000000 1.000000 0.000000 1.000000 0.000000 0.000000 32063_double.dat
1 15 240.000000 -180.000000 0.000000 0.000000 0.000000 1.000000 0.000000 1.000000 0.000000 -1.000000 0.000000 0.000000 32278.dat
1 15 25.000330 -180.000000 43.300571 0.866019 0.000000 0.500011 0.000000 1.000000 0.000000 -0.500011 0.000000 0.866019 32449_double.dat
1 15 194.999890 -160.000000 -8.660191 0.866019 0.000000 0.500011 0.000000 1.000000 0.000000 -0.500011 0.000000 0.866019 43857.dat
1 15 175.000330 -180.000000 43.299429 -0.866019 0.000000 0.500011 0.000000 1.000000 0.000000 -0.500011 0.000000 -0.866019 32449_double.dat
1 15 39.999999 -180.000000 160.000000 0.000000 0.000000 -1.000000 0.000000 1.000000 0.000000 1.000000 0.000000 0.000000 32278.dat
1 15 4.999890 -160.000000 8.659809 0.866019 0.000000 0.500011 0.000000 1.000000 0.000000 -0.500011 0.000000 0.866019 43857.dat
1 15 489.999999 -160.000000 160.000000 0.000000 0.000000 -1.000000 0.000000 1.000000 0.000000 1.000000 0.000000 0.000000 43857.dat
1 15 45.000110 -160.000000 77.940190 -0.866019 -0.000000 -0.500011 0.000000 1.000000 0.000000 0.500011 0.000000 -0.866019 43857.dat
1 15 174.999670 -180.000000 -43.300571 -0.866019 0.000000 -0.500011 0.000000 1.000000 0.000000 0.500011 0.000000 -0.866019 32449_double.dat
1 15 -136.000000 -180.000000 112.000000 0.800000 0.000000 0.600000 0.000000 1.000000 0.000000 -0.600000 0.000000 0.800000 32316.dat
1 15 90.000000 -160.000000 -0.000000 0.000000 0.000000 -1.000000 0.000000 1.000000 0.000000 1.000000 0.000000 0.000000 43857.dat
1 15 -40.000000 -180.000000 0.000000 0.000000 0.000000 1.000000 0.000000 1.000000 0.000000 -1.000000 0.000000 0.000000 41239.dat
1 15 -106.000000 -160.000000 152.000000 -0.800000 -0.000000 -0.600000 0.000000 1.000000 0.000000 0.600000 0.000000 -0.800000 43857.dat
