1 15 540.000000 -180.000000 -86.600000 0.000000 0.000000 -1.000000 0.000000 1.000000 0.000000 1.000000 0.000000 0.000000 32063_double.dat
1 15 614.999450 -200.000000 -43.300953 -0.866019 0.000000 -0.500011 0.000000 1.000000 0.000000 0.500011 0.000000 -0.866019 32063_double.dat
1 15 175.000330 -160.000000 43.299429 -0.866019 0.000000 0.500011 0.000000 1.000000 0.000000 -0.500011 0.000000 -0.866019 32063_double.dat
1 15 465.000330 -180.000000 43.300571 0.866019 0.000000 0.500011 0.000000 1.000000 0.000000 -0.500011 0.000000 0.866019 32063_double.dat
1 15 610.000440 -180.000000 51.959238 -0.866019 0.000000 0.500011 0.000000 1.000000 0.000000 -0.500011 0.000000 -0.866019 32316.dat
1 15 780.000000 -200.000000 80.000000 1.000000 0.000000 0.000000 0.000000 1.000000 0.000000 0.000000 0.000000 1.000000 40490.dat
1 15 540.000000 -200.000000 86.600000 0.000000 0.000000 1.000000 0.000000 1.000000 0.000000 -1.000000 0.000000 0.000000 32063_double.dat
1 15 640.000000 -180.000000 0.000000 0.000000 0.000000 1.000000 0.000000 1.000000 0.000000 -1.000000 0.000000 0.000000 32278.dat
1 15 635.000110 -160.000000 8.659810 0.866019 0.000000 -0.500011 0.000000 1.000000 0.000000 0.500011 0.000000 0.866019 43857.dat
1 15 639.999999 -180.000000 160.000000 0.000000 0.000000 1.000000 0.000000 1.000000 0.000000 -1.000000 0.000000 0.000000 32278.dat
1 15 174.999450 -200.000000 -43.300953 -0.866019 0.000000 -0.500011 0.000000 1.000000 0.000000 0.500011 0.000000 -0.866019 32063_double.dat
1 15 -130.000000 -180.000000 120.000000 0.800000 0.000000 0.600000 0.000000 1.000000 0.000000 -0.600000 0.000000 0.800000 32063_double.dat
1 15 -80.000000 -200.000000 160.000000 0.000000 0.000000 1.000000 0.000000 1.000000 0.000000 -1.000000 0.000000 0.000000 32523.dat
1 15 100.000000 -180.000000 -86.600000 0.000000 0.000000 -1.000000 0.000000 1.000000 0.000000 1.000000 0.000000 0.000000 32063_double.dat
1 15 25.000330 -200.000000 43.300571 0.866019 0.000000 0.500011 0.000000 1.000000 0.000000 -0.500011 0.000000 0.866019 32063_double.dat
1 15 25.000550 -160.000000 -43.300953 -0.866019 0.000000 0.500011 0.000000 1.000000 0.000000 -0.500011 0.000000 -0.866019 32063_double.dat
1 15 359.999999 -200.000000 160.000000 0.000000 0.000000 1.000000 0.000000 1.000000 0.000000 -1.000000 0.000000 0.000000 32278.dat
1 15 130.000000 -200.000000 -0.000000 0.000000 0.000000 -1.000000 0.000000 1.000000 0.000000 1.000000 0.000000 0.000000 43857.dat
1 15 460.000000 -200.000000 0.000000 0.000000 0.000000 1.000000 0.000000 1.000000 0.000000 -1.000000 0.000000 0.000000 32316.dat
1 15 100.000000 -180.000000 86.600000 0.000000 0.000000 -1.000000 0.000000 1.000000 0.000000 1.000000 0.000000 0.000000 32063_double.dat
1 15 -160.000000 -200.000000 40.000000 1.000000 0.000000 0.000000 0.000000 1.000000 0.000000 0.000000 0.000000 1.000000 32316.dat
1 15 465.000550 -160.000000 -43.300953 -0.866019 0.000000 0.500011 0.000000 1.000000 0.000000 -0.500011 0.000000 -0.866019 32063_double.dat
1 15 -20.000000 -180.000000 0.000000 0.000000 0.000000 1.000000 0.000000 1.000000 0.000000 -1.000000 0.000000 0.000000 32278.dat
1 15 280.000000 -180.000000 0.000000 0.000000 0.000000 1.000000 0.000000 1.000000 0.000000 -1.000000 0.000000 0.000000 32278.dat
1 15 79.999999 -180.000000 160.000000 0.000000 0.000000 -1.000000 0.000000 1.000000 0.000000 1.000000 0.000000 0.000000 32278.dat
