0 
0 Name: 
0 Author: 
0 ---------Candidate 24----------
0 Score:20041.059645
0 STEP
0 STEP
0 STEP
0 STEP
0 STEP
0 STEP
0 STEP
0 STEP
0 STEP
0 STEP
0 STEP
0 STEP
0 STEP
0 STEP
0 STEP
0 STEP
0 STEP
0 ---------Candidate 25----------
0 Score:20041.113386
0 STEP
1 15 -240 -0.00002 80 -1 0 0 0 1 0 -0 0 -1 32278.dat
1 15 -80 -0.00002 80 -1 0 0 0 1 0 -0 0 -1 32278.dat
1 15 80 -0.00002 80 -1 0 0 0 1 0 -0 0 -1 32278.dat
1 15 240 -0.00002 80 -1 0 0 0 1 0 -0 0 -1 32278.dat
0 STEP
1 15 -240 19.999981 240 -1 0 0 0 1 0 -0 0 -1 32523.dat
1 15 240 19.999981 240 1 0 0 0 1 0 0 0 1 32523.dat
1 15 -80 19.999981 240 1 0 0 0 1 0 0 0 1 32523.dat
1 15 80 19.999981 240 1 0 0 0 1 0 0 0 1 32523.dat
0 STEP
1 15 -240 -0.00002 320 1 0 0 0 1 0 0 0 1 32524.dat
1 15 240 -0.00002 320 1 0 0 0 1 0 0 0 1 32524.dat
1 15 -80 -0.00002 320 1 0 0 0 1 0 0 0 1 32524.dat
1 15 80 -0.00002 320 1 0 0 0 1 0 0 0 1 32524.dat
0 STEP
1 15 -240 19.999981 480 1 0 0 0 1 0 0 0 1 32525.dat
1 15 -80 19.999981 480 1 0 0 0 1 0 0 0 1 32525.dat
1 15 80 19.999981 480 1 0 0 0 1 0 0 0 1 32525.dat
1 15 240 19.999981 480 1 0 0 0 1 0 0 0 1 32525.dat
0 STEP
1 15 -240 39.999981 590 -1 0 0 0 1 0 -0 0 -1 43857.dat
1 15 -80 39.999981 590 1 0 0 0 1 0 0 0 1 43857.dat
1 15 80 39.999981 590 1 0 0 0 1 0 0 0 1 43857.dat
1 15 240 39.999981 590 1 0 0 0 1 0 0 0 1 43857.dat
0 STEP
1 15 -140 19.999981 600 0 0 1 0 1 0 -1 0 0 32525.dat
1 15 -140 19.999981 0 0 0 1 0 1 0 -1 0 0 32525.dat
1 15 -140 19.999981 100 0 0 1 0 1 0 -1 0 0 32525.dat
1 15 -140 19.999981 200 0 0 1 0 1 0 -1 0 0 32525.dat
1 15 -140 19.999981 300 0 0 -1 0 1 0 1 0 0 32525.dat
1 15 -140 -0.00002 400 0 0 1 0 1 0 -1 0 0 32525.dat
1 15 -140 -0.00002 500 0 0 -1 0 1 0 1 0 0 32525.dat
1 15 140 19.999981 600 0 0 1 0 1 0 -1 0 0 32525.dat
1 15 140 19.999981 0 0 0 1 0 1 0 -1 0 0 32525.dat
1 15 140 19.999981 100 0 0 -1 0 1 0 1 0 0 32525.dat
1 15 140 19.999981 200 0 0 1 0 1 0 -1 0 0 32525.dat
1 15 140 19.999981 300 0 0 -1 0 1 0 1 0 0 32525.dat
1 15 140 -0.00002 400 0 0 1 0 1 0 -1 0 0 32525.dat
1 15 140 -0.00002 500 0 0 -1 0 1 0 1 0 0 32525.dat
0 STEP
1 15 -193.845703 -0.00002 619.230774 0.384615 0 0.923077 0 1 0 -0.923077 0 0.384615 32063_double.dat
0 STEP
1 15 -73.845703 19.999981 669.230774 0.384615 0 0.923077 0 1 0 -0.923077 0 0.384615 40490.dat
0 STEP
1 15 18.460938 -0.00002 692.307678 -0.384615 0 0.923077 0 1 0 -0.923077 0 -0.384615 32523.dat
0 STEP
1 15 92.308594 19.999981 661.538452 -0.384615 0 0.923077 0 1 0 -0.923077 0 -0.384615 32524.dat
0 STEP
0 STEP
0 STEP
0 STEP
1 15 30 -0.00002 600 0 0 -1 0 1 0 1 0 0 43857.dat
1 15 30 -0.00002 0 0 0 1 0 1 0 -1 0 0 43857.dat
1 15 30 -0.00002 100 0 0 -1 0 1 0 1 0 0 43857.dat
1 15 30 -0.00002 200 0 0 -1 0 1 0 1 0 0 43857.dat
1 15 30 -0.00002 300 0 0 -1 0 1 0 1 0 0 43857.dat
1 15 30 -20.000019 400 0 0 -1 0 1 0 1 0 0 43857.dat
1 15 30 -20.000019 500 0 0 -1 0 1 0 1 0 0 43857.dat
1 15 -30 -0.00002 600 0 0 1 0 1 0 -1 0 0 43857.dat
1 15 -30 -0.00002 0 0 0 1 0 1 0 -1 0 0 43857.dat
1 15 -30 -0.00002 100 0 0 -1 0 1 0 1 0 0 43857.dat
1 15 -30 -0.00002 200 0 0 -1 0 1 0 1 0 0 43857.dat
1 15 -30 -0.00002 300 0 0 -1 0 1 0 1 0 0 43857.dat
1 15 -30 -20.000019 400 0 0 -1 0 1 0 1 0 0 43857.dat
1 15 -30 -20.000019 500 0 0 -1 0 1 0 1 0 0 43857.dat
0 STEP
1 15 0 19.999981 600 0 0 -1 0 1 0 1 0 0 32523.dat
1 15 0 19.999981 0 0 0 -1 0 1 0 1 0 0 32523.dat
1 15 0 19.999981 100 0 0 1 0 1 0 -1 0 0 32523.dat
1 15 0 19.999981 200 0 0 1 0 1 0 -1 0 0 32523.dat
1 15 0 19.999981 300 0 0 1 0 1 0 -1 0 0 32523.dat
1 15 0 -0.000019 400 0 0 1 0 1 0 -1 0 0 32523.dat
1 15 0 -0.000019 500 0 0 1 0 1 0 -1 0 0 32523.dat
0 STEP
1 15 0 -0.00002 640 1 0 0 0 1 0 0 0 1 32316.dat
0 STEP
1 15 0 -20.000019 690 1 0 0 0 1 0 0 0 1 43857.dat
1 15 194.154297 -0.00002 619.230774 -0.384615 0 -0.923077 0 -1 0 -0.923077 0 0.384615 32063_double.dat
0 STEP