0 
0 Name: 
0 Author: 
0 ---------Candidate 24----------
0 Score:20043.761231
0 STEP
1 15 -240 -0.00002 40 -1 0 0 0 1 0 -0 0 -1 32525.dat
1 15 240 -0.00002 40 -1 0 0 0 1 0 -0 0 -1 32525.dat
1 15 -80 -0.00002 40 -1 0 0 0 1 0 -0 0 -1 32525.dat
1 15 80 -0.00002 40 -1 0 0 0 1 0 -0 0 -1 32525.dat
0 STEP
1 15 -240 19.999981 260 1 0 0 0 1 0 0 0 1 41239.dat
1 15 240 19.999981 260 1 0 0 0 1 0 0 0 1 41239.dat
1 15 -80 19.999981 260 1 0 0 0 1 0 0 0 1 41239.dat
1 15 80 19.999981 260 1 0 0 0 1 0 0 0 1 41239.dat
0 STEP
1 15 -240 -0.00002 480 1 0 0 0 1 0 0 0 1 32525.dat
1 15 -80 -0.00002 480 1 0 0 0 1 0 0 0 1 32525.dat
1 15 80 -0.00002 480 1 0 0 0 1 0 0 0 1 32525.dat
1 15 240 -0.00002 480 1 0 0 0 1 0 0 0 1 32525.dat
0 STEP
1 15 -240 -20.000019 590 -1 0 0 0 1 0 -0 0 -1 43857.dat
1 15 -80 -20.000019 590 1 0 0 0 1 0 0 0 1 43857.dat
1 15 80 -20.000019 590 1 0 0 0 1 0 0 0 1 43857.dat
1 15 240 -20.000019 590 1 0 0 0 1 0 0 0 1 43857.dat
0 STEP
1 15 -140 -0.00002 600 0 0 1 0 1 0 -1 0 0 32525.dat
1 15 -140 -20.000019 0 0 0 1 0 1 0 -1 0 0 32525.dat
1 15 -140 -20.000019 100 0 0 1 0 1 0 -1 0 0 32525.dat
1 15 -140 -0.00002 200 0 0 1 0 1 0 -1 0 0 32525.dat
1 15 -140 -0.00002 300 0 0 -1 0 1 0 1 0 0 32525.dat
1 15 -140 -20.000019 400 0 0 1 0 1 0 -1 0 0 32525.dat
1 15 -140 -20.000019 500 0 0 -1 0 1 0 1 0 0 32525.dat
1 15 140 -0.00002 600 0 0 1 0 1 0 -1 0 0 32525.dat
1 15 140 -20.000019 0 0 0 1 0 1 0 -1 0 0 32525.dat
1 15 140 -20.000019 100 0 0 -1 0 1 0 1 0 0 32525.dat
1 15 140 -0.00002 200 0 0 1 0 1 0 -1 0 0 32525.dat
1 15 140 -0.00002 300 0 0 -1 0 1 0 1 0 0 32525.dat
1 15 140 -20.000019 400 0 0 1 0 1 0 -1 0 0 32525.dat
1 15 140 -20.000019 500 0 0 -1 0 1 0 1 0 0 32525.dat
0 STEP
1 15 -193.845703 19.999981 619.230774 0.384615 0 0.923077 0 1 0 -0.923077 0 0.384615 32063_double.dat
0 STEP
1 15 -73.845703 -0.00002 669.230774 0.384615 0 0.923077 0 1 0 -0.923077 0 0.384615 40490.dat
0 STEP
1 15 0 -20.000019 670 -1 0 0 0 1 0 -0 0 -1 32449_double.dat
0 STEP
1 15 18.460938 19.999981 692.307678 -0.384615 0 0.923077 0 1 0 -0.923077 0 -0.384615 32523.dat
0 STEP
1 15 92.308594 -0.00002 661.538452 -0.384615 0 0.923077 0 1 0 -0.923077 0 -0.384615 32524.dat
0 STEP
1 15 156.923828 -20.000019 634.615356 0.384615 0 -0.923077 0 1 0 0.923077 0 0.384615 43857.dat
0 STEP
1 15 175.384766 -0.00002 626.923096 0.384615 0 -0.923077 0 1 0 0.923077 0 0.384615 43857.dat
0 STEP
1 15 193.845703 -20.000019 619.230774 0.384615 0 -0.923077 0 1 0 0.923077 0 0.384615 43857.dat
0 STEP
1 15 221.539062 -40.000019 607.692322 0.384615 0 -0.923077 0 1 0 0.923077 0 0.384615 32523.dat
0 STEP
1 15 0 -20.000019 600 0 0 -1 0 1 0 1 0 0 32316.dat
1 15 0 -40.000019 0 0 0 -1 0 1 0 1 0 0 32316.dat
1 15 0 -40.000019 100 0 0 1 0 1 0 -1 0 0 32316.dat
1 15 0 -20.000019 200 0 0 1 0 1 0 -1 0 0 32316.dat
1 15 0 -20.000019 300 0 0 1 0 1 0 -1 0 0 32316.dat
1 15 0 -40.000019 400 0 0 1 0 1 0 -1 0 0 32316.dat
1 15 0 -40.000019 500 0 0 1 0 1 0 -1 0 0 32316.dat
0 STEP
1 15 0 -0.00002 620 1 0 0 0 1 0 0 0 1 32523.dat
0 STEP