0 STEP Score:75.993824
1 15 -240.000000 -0.000020 -10.000000 1.000000 0.000000 0.000000 0.000000 1.000000 0.000000 0.000000 0.000000 1.000000 32063_double.dat
1 15 240.000000 -0.000020 -10.000000 -1.000000 0.000000 0.000000 0.000000 1.000000 0.000000 -0.000000 0.000000 -1.000000 32063_double.dat
1 15 -80.000000 -0.000020 -10.000000 1.000000 0.000000 0.000000 0.000000 1.000000 0.000000 0.000000 0.000000 1.000000 32063_double.dat
1 15 80.000000 -0.000020 -10.000000 1.000000 0.000000 0.000000 0.000000 1.000000 0.000000 0.000000 0.000000 1.000000 32063_double.dat
0 STEP Score:76.889211
1 15 -240.000000 -20.000020 180.000000 1.000000 0.000000 0.000000 0.000000 1.000000 0.000000 0.000000 0.000000 1.000000 32278.dat
1 15 240.000000 -20.000020 180.000000 -1.000000 0.000000 0.000000 0.000000 1.000000 0.000000 -0.000000 0.000000 -1.000000 32278.dat
1 15 -80.000000 -20.000020 180.000000 1.000000 0.000000 0.000000 0.000000 1.000000 0.000000 0.000000 0.000000 1.000000 32278.dat
1 15 80.000000 -20.000020 180.000000 1.000000 0.000000 0.000000 0.000000 1.000000 0.000000 0.000000 0.000000 1.000000 32278.dat
0 STEP Score:72.445369
1 15 -240.000000 -0.000020 460.000000 1.000000 0.000000 0.000000 0.000000 1.000000 0.000000 0.000000 0.000000 1.000000 32278.dat
1 15 240.000000 -0.000020 460.000000 -1.000000 0.000000 0.000000 0.000000 1.000000 0.000000 -0.000000 0.000000 -1.000000 32278.dat
1 15 -80.000000 -0.000020 460.000000 1.000000 0.000000 0.000000 0.000000 1.000000 0.000000 0.000000 0.000000 1.000000 32278.dat
1 15 80.000000 -0.000020 460.000000 1.000000 0.000000 0.000000 0.000000 1.000000 0.000000 0.000000 0.000000 1.000000 32278.dat
0 STEP Score:70.623444
1 15 -221.538462 -20.000020 607.692308 0.384615 0.000000 0.923077 0.000000 1.000000 0.000000 -0.923077 0.000000 0.384615 32523.dat
0 STEP Score:66.611171
1 15 -184.615385 -0.000020 623.076923 0.384615 0.000000 0.923077 0.000000 1.000000 0.000000 -0.923077 0.000000 0.384615 32523.dat
0 STEP Score:63.459125
1 15 -156.923077 -20.000020 634.615385 -0.384615 -0.000000 -0.923077 0.000000 1.000000 0.000000 0.923077 0.000000 -0.384615 43857.dat
0 STEP Score:64.206083
1 15 -73.846154 -0.000020 669.230769 0.384615 0.000000 0.923077 0.000000 1.000000 0.000000 -0.923077 0.000000 0.384615 40490.dat
0 STEP Score:63.543039
1 15 73.846154 -20.000020 669.230769 -0.384615 0.000000 0.923077 0.000000 1.000000 0.000000 -0.923077 0.000000 -0.384615 40490.dat
0 STEP Score:63.074812
1 15 175.384615 -0.000020 626.923077 -0.384615 0.000000 0.923077 0.000000 1.000000 0.000000 -0.923077 0.000000 -0.384615 32449_double.dat
0 STEP Score:57.254486
1 15 221.538462 -20.000020 607.692308 -0.384615 0.000000 0.923077 0.000000 1.000000 0.000000 -0.923077 0.000000 -0.384615 32523.dat
0 STEP Score:53.989459
1 15 140.000000 19.999980 600.000000 0.000000 0.000000 1.000000 0.000000 1.000000 0.000000 -1.000000 0.000000 0.000000 32525.dat
1 15 140.000000 19.999980 0.000000 0.000000 0.000000 -1.000000 0.000000 1.000000 0.000000 1.000000 0.000000 0.000000 32525.dat
1 15 140.000000 -0.000020 100.000000 0.000000 0.000000 1.000000 0.000000 1.000000 0.000000 -1.000000 0.000000 0.000000 32525.dat
1 15 140.000000 -0.000020 200.000000 0.000000 0.000000 1.000000 0.000000 1.000000 0.000000 -1.000000 0.000000 0.000000 32525.dat
1 15 140.000000 -0.000020 300.000000 0.000000 0.000000 -1.000000 0.000000 1.000000 0.000000 1.000000 0.000000 0.000000 32525.dat
1 15 140.000000 19.999980 400.000000 0.000000 0.000000 1.000000 0.000000 1.000000 0.000000 -1.000000 0.000000 0.000000 32525.dat
1 15 140.000000 19.999980 500.000000 0.000000 0.000000 -1.000000 0.000000 1.000000 0.000000 1.000000 0.000000 0.000000 32525.dat
1 15 -140.000000 19.999980 600.000000 0.000000 0.000000 1.000000 0.000000 1.000000 0.000000 -1.000000 0.000000 0.000000 32525.dat
1 15 -140.000000 -0.000020 100.000000 0.000000 0.000000 -1.000000 0.000000 1.000000 0.000000 1.000000 0.000000 0.000000 32525.dat
1 15 -140.000000 -0.000020 200.000000 0.000000 0.000000 -1.000000 0.000000 1.000000 0.000000 1.000000 0.000000 0.000000 32525.dat
1 15 -140.000000 -0.000020 300.000000 0.000000 0.000000 -1.000000 0.000000 1.000000 0.000000 1.000000 0.000000 0.000000 32525.dat
1 15 -140.000000 19.999980 400.000000 0.000000 0.000000 -1.000000 0.000000 1.000000 0.000000 1.000000 0.000000 0.000000 32525.dat
1 15 -140.000000 19.999980 500.000000 0.000000 0.000000 -1.000000 0.000000 1.000000 0.000000 1.000000 0.000000 0.000000 32525.dat
1 15 -140.000000 19.999980 0.000000 0.000000 0.000000 -1.000000 0.000000 1.000000 0.000000 1.000000 0.000000 0.000000 32525.dat
0 STEP Score:50.192489
1 15 0.000000 -0.000020 600.000000 0.000000 0.000000 -1.000000 0.000000 1.000000 0.000000 1.000000 0.000000 0.000000 32316.dat
1 15 0.000000 -20.000020 100.000000 0.000000 0.000000 1.000000 0.000000 1.000000 0.000000 -1.000000 0.000000 0.000000 32316.dat
1 15 0.000000 -20.000020 200.000000 0.000000 0.000000 1.000000 0.000000 1.000000 0.000000 -1.000000 0.000000 0.000000 32316.dat
1 15 0.000000 -20.000020 300.000000 0.000000 0.000000 1.000000 0.000000 1.000000 0.000000 -1.000000 0.000000 0.000000 32316.dat
1 15 0.000000 -0.000020 400.000000 0.000000 0.000000 1.000000 0.000000 1.000000 0.000000 -1.000000 0.000000 0.000000 32316.dat
1 15 0.000000 -0.000020 500.000000 0.000000 0.000000 1.000000 0.000000 1.000000 0.000000 -1.000000 0.000000 0.000000 32316.dat
1 15 0.000000 -0.000020 0.000000 0.000000 0.000000 -1.000000 0.000000 1.000000 0.000000 1.000000 0.000000 0.000000 32316.dat
0 STEP Score:10019.485039
1 15 -0.000000 -20.000020 610.000000 -1.000000 0.000000 0.000000 0.000000 1.000000 0.000000 -0.000000 0.000000 -1.000000 43857.dat
0 STEP Score:10048.909462
1 15 0.000000 -0.000020 650.000000 -1.000000 0.000000 0.000000 0.000000 1.000000 0.000000 -0.000000 0.000000 -1.000000 32449_double.dat
0 STEP Score:20048.909462
1 15 -0.000000 19.999980 690.000000 -1.000000 0.000000 0.000000 0.000000 1.000000 0.000000 -0.000000 0.000000 -1.000000 43857.dat