0 STEP Score:65.689264
1 15 -240.000000 -0.000020 -10.000000 1.000000 0.000000 0.000000 0.000000 1.000000 0.000000 0.000000 0.000000 1.000000 32063_double.dat
1 15 240.000000 -0.000020 -10.000000 -1.000000 0.000000 0.000000 0.000000 1.000000 0.000000 -0.000000 0.000000 -1.000000 32063_double.dat
1 15 -80.000000 -0.000020 -10.000000 1.000000 0.000000 0.000000 0.000000 1.000000 0.000000 0.000000 0.000000 1.000000 32063_double.dat
1 15 80.000000 -0.000020 -10.000000 1.000000 0.000000 0.000000 0.000000 1.000000 0.000000 0.000000 0.000000 1.000000 32063_double.dat
0 STEP Score:66.741972
1 15 -240.000000 19.999980 180.000000 1.000000 0.000000 0.000000 0.000000 1.000000 0.000000 0.000000 0.000000 1.000000 32278.dat
1 15 240.000000 19.999980 180.000000 -1.000000 0.000000 0.000000 0.000000 1.000000 0.000000 -0.000000 0.000000 -1.000000 32278.dat
1 15 -80.000000 19.999980 180.000000 1.000000 0.000000 0.000000 0.000000 1.000000 0.000000 0.000000 0.000000 1.000000 32278.dat
1 15 80.000000 19.999980 180.000000 1.000000 0.000000 0.000000 0.000000 1.000000 0.000000 0.000000 0.000000 1.000000 32278.dat
0 STEP Score:66.423648
1 15 -240.000000 -0.000020 460.000000 1.000000 0.000000 0.000000 0.000000 1.000000 0.000000 0.000000 0.000000 1.000000 32278.dat
1 15 240.000000 -0.000020 460.000000 -1.000000 0.000000 0.000000 0.000000 1.000000 0.000000 -0.000000 0.000000 -1.000000 32278.dat
1 15 -80.000000 -0.000020 460.000000 1.000000 0.000000 0.000000 0.000000 1.000000 0.000000 0.000000 0.000000 1.000000 32278.dat
1 15 80.000000 -0.000020 460.000000 1.000000 0.000000 0.000000 0.000000 1.000000 0.000000 0.000000 0.000000 1.000000 32278.dat
0 STEP Score:62.382392
1 15 -230.769231 19.999980 603.846154 -0.384615 -0.000000 -0.923077 0.000000 1.000000 0.000000 0.923077 0.000000 -0.384615 43857.dat
0 STEP Score:62.707656
1 15 -110.769231 -0.000020 653.846154 0.384615 0.000000 0.923077 0.000000 1.000000 0.000000 -0.923077 0.000000 0.384615 41239.dat
0 STEP Score:59.904306
1 15 -0.000000 19.999980 690.000000 -1.000000 0.000000 0.000000 0.000000 1.000000 0.000000 -0.000000 0.000000 -1.000000 43857.dat
0 STEP Score:58.433209
1 15 0.000000 -0.000020 660.000000 -1.000000 0.000000 0.000000 0.000000 1.000000 0.000000 -0.000000 0.000000 -1.000000 32523.dat
0 STEP Score:56.994670
1 15 0.000000 19.999980 630.000000 1.000000 0.000000 0.000000 0.000000 1.000000 0.000000 0.000000 0.000000 1.000000 43857.dat
0 STEP Score:57.224002
1 15 -0.000000 -0.000020 610.000000 -1.000000 0.000000 0.000000 0.000000 1.000000 0.000000 -0.000000 0.000000 -1.000000 43857.dat
0 STEP Score:54.827690
1 15 100.000000 19.999980 600.000000 0.000000 0.000000 1.000000 0.000000 1.000000 0.000000 -1.000000 0.000000 0.000000 32278.dat
0 STEP Score:53.411550
1 15 -50.000000 -0.000020 600.000000 0.000000 0.000000 1.000000 0.000000 1.000000 0.000000 -1.000000 0.000000 0.000000 43857.dat
0 STEP Score:51.513842
1 15 -80.000000 19.999980 600.000000 0.000000 0.000000 1.000000 0.000000 1.000000 0.000000 -1.000000 0.000000 0.000000 32523.dat
0 STEP Score:49.935037
1 15 -140.000000 -0.000020 600.000000 0.000000 0.000000 -1.000000 0.000000 1.000000 0.000000 1.000000 0.000000 0.000000 32316.dat
0 STEP Score:43.062543
1 15 -210.000000 -20.000020 600.000000 0.000000 0.000000 -1.000000 0.000000 1.000000 0.000000 1.000000 0.000000 0.000000 32449_double.dat
0 STEP Score:41.155335
1 15 -140.000000 -20.000020 500.000000 0.000000 0.000000 -1.000000 0.000000 1.000000 0.000000 1.000000 0.000000 0.000000 32525.dat
1 15 -140.000000 -0.000020 100.000000 0.000000 0.000000 -1.000000 0.000000 1.000000 0.000000 1.000000 0.000000 0.000000 32525.dat
1 15 -140.000000 -0.000020 200.000000 0.000000 0.000000 -1.000000 0.000000 1.000000 0.000000 1.000000 0.000000 0.000000 32525.dat
1 15 -140.000000 -0.000020 300.000000 0.000000 0.000000 -1.000000 0.000000 1.000000 0.000000 1.000000 0.000000 0.000000 32525.dat
1 15 -140.000000 -20.000020 400.000000 0.000000 0.000000 -1.000000 0.000000 1.000000 0.000000 1.000000 0.000000 0.000000 32525.dat
1 15 -140.000000 -20.000020 0.000000 0.000000 0.000000 -1.000000 0.000000 1.000000 0.000000 1.000000 0.000000 0.000000 32525.dat
1 15 140.000000 -20.000020 500.000000 0.000000 0.000000 -1.000000 0.000000 1.000000 0.000000 1.000000 0.000000 0.000000 32525.dat
1 15 140.000000 -20.000020 0.000000 0.000000 0.000000 -1.000000 0.000000 1.000000 0.000000 1.000000 0.000000 0.000000 32525.dat
1 15 140.000000 -0.000020 100.000000 0.000000 0.000000 1.000000 0.000000 1.000000 0.000000 -1.000000 0.000000 0.000000 32525.dat
1 15 140.000000 -0.000020 200.000000 0.000000 0.000000 1.000000 0.000000 1.000000 0.000000 -1.000000 0.000000 0.000000 32525.dat
1 15 140.000000 -0.000020 300.000000 0.000000 0.000000 -1.000000 0.000000 1.000000 0.000000 1.000000 0.000000 0.000000 32525.dat
1 15 140.000000 -20.000020 400.000000 0.000000 0.000000 1.000000 0.000000 1.000000 0.000000 -1.000000 0.000000 0.000000 32525.dat
0 STEP Score:41.432114
1 15 0.000000 -0.000020 500.000000 0.000000 0.000000 1.000000 0.000000 1.000000 0.000000 -1.000000 0.000000 0.000000 32316.dat
1 15 0.000000 19.999980 100.000000 0.000000 0.000000 1.000000 0.000000 1.000000 0.000000 -1.000000 0.000000 0.000000 32316.dat
1 15 0.000000 19.999980 200.000000 0.000000 0.000000 1.000000 0.000000 1.000000 0.000000 -1.000000 0.000000 0.000000 32316.dat
1 15 0.000000 19.999980 300.000000 0.000000 0.000000 1.000000 0.000000 1.000000 0.000000 -1.000000 0.000000 0.000000 32316.dat
1 15 0.000000 -0.000020 400.000000 0.000000 0.000000 1.000000 0.000000 1.000000 0.000000 -1.000000 0.000000 0.000000 32316.dat
1 15 0.000000 -0.000020 0.000000 0.000000 0.000000 -1.000000 0.000000 1.000000 0.000000 1.000000 0.000000 0.000000 32316.dat
0 STEP Score:40.542083
1 15 18.461538 -20.000020 692.307692 -0.384615 0.000000 0.923077 0.000000 1.000000 0.000000 -0.923077 0.000000 -0.384615 32523.dat
0 STEP Score:10040.577074
1 15 129.230769 -0.000020 646.153846 -0.384615 0.000000 0.923077 0.000000 1.000000 0.000000 -0.923077 0.000000 -0.384615 32525.dat
0 STEP Score:20040.577074
1 15 230.769231 -20.000020 603.846154 0.384615 0.000000 -0.923077 0.000000 1.000000 0.000000 0.923077 0.000000 0.384615 43857.dat