0 test model
0 Author: 徐豪
1 4 61.245924 0.239969 0.000000 -0.070467 0.000000 0.997514 -0.997514 -0.000000 -0.070467 0.000000 -1.000000 0.000000  32524.dat
1 4 118.159153 55.883368 20.000000 -0.999142 0.000000 0.041413 -0.041413 -0.000000 -0.999142 0.000000 -1.000000 0.000000  32524.dat
1 4 56.774238 119.625298 0.000000 -0.066111 0.000000 0.997812 -0.997812 -0.000000 -0.066111 0.000000 -1.000000 0.000000  32524.dat
1 4 -0.138991 63.981899 20.000000 -0.999441 0.000000 0.033425 -0.033425 -0.000000 -0.999441 0.000000 -1.000000 0.000000  32524.dat
1 4 58.765698 60.079089 40.000000 0.699085 0.000000 0.715039 -0.715039 0.000000 0.699085 0.000000 -1.000000 0.000000  40490.dat
