1 15 -89.926593 7.177080 259.802032 0.866025 0.000000 0.500000 0.000000 1.000000 0.000000 -0.500000 0.000000 0.866025 41239.dat
1 15 -159.905620 27.177080 138.559492 0.866025 0.000000 0.500000 0.000000 1.000000 0.000000 -0.500000 0.000000 0.866025 32523.dat
1 15 -180.000000 27.177080 311.760000 0.000000 0.000000 1.000000 0.000000 1.000000 0.000000 -1.000000 0.000000 0.000000 41239.dat
1 15 -30.000000 -12.822920 259.798476 -0.866025 0.000000 0.500000 0.000000 1.000000 0.000000 -0.500000 0.000000 -0.866025 32524.dat
1 15 -10.030440 27.177080 363.949900 0.000000 0.000000 1.000000 0.000000 1.000000 0.000000 -1.000000 0.000000 0.000000 32523.dat
1 15 -50.030440 -12.822920 363.949900 0.000000 0.000000 1.000000 0.000000 1.000000 0.000000 -1.000000 0.000000 0.000000 32523.dat
1 15 -169.884647 7.177080 121.240000 -0.866025 0.000000 -0.500000 0.000000 1.000000 0.000000 0.500000 0.000000 -0.866025 32523.dat
1 15 -300.000000 7.177080 311.760000 0.866025 0.000000 0.500000 0.000000 1.000000 0.000000 -0.500000 0.000000 0.866025 32524.dat
1 15 -240.000000 -12.822920 207.836952 -0.866025 0.000000 0.500000 0.000000 1.000000 0.000000 -0.500000 0.000000 -0.866025 41239.dat
1 15 -30.000000 7.177080 155.878476 0.866025 0.000000 0.500000 0.000000 1.000000 0.000000 -0.500000 0.000000 0.866025 32524.dat
1 15 60.000000 27.177080 207.840000 0.000000 0.000000 1.000000 0.000000 1.000000 0.000000 -1.000000 0.000000 0.000000 32524.dat
1 15 -69.821347 7.177080 364.128900 -0.000000 0.000000 -1.000000 0.000000 1.000000 0.000000 1.000000 0.000000 -0.000000 32523.dat
1 15 -59.874160 27.177080 103.920000 0.000000 0.000000 1.000000 0.000000 1.000000 0.000000 -1.000000 0.000000 0.000000 41239.dat
1 15 -330.173000 27.177080 259.305660 -0.866025 0.000000 -0.500000 0.000000 1.000000 0.000000 0.500000 0.000000 -0.866025 32523.dat
1 15 -30.000000 -12.822920 51.958476 -0.866025 0.000000 0.500000 0.000000 1.000000 0.000000 -0.500000 0.000000 -0.866025 32524.dat
1 15 90.000000 7.177080 155.878476 0.866025 0.000000 0.500000 0.000000 1.000000 0.000000 -0.500000 0.000000 0.866025 32524.dat
1 15 150.000000 -12.822920 155.878476 -0.866025 0.000000 0.500000 0.000000 1.000000 0.000000 -0.500000 0.000000 -0.866025 32524.dat
1 15 90.000000 -12.822920 51.958476 -0.866025 0.000000 0.500000 0.000000 1.000000 0.000000 -0.500000 0.000000 -0.866025 32524.dat
1 15 -350.230667 7.177080 224.500372 0.866025 0.000000 0.500000 0.000000 1.000000 0.000000 -0.500000 0.000000 0.866025 32523.dat
1 15 60.000000 7.177080 0.000000 0.000000 0.000000 1.000000 0.000000 1.000000 0.000000 -1.000000 0.000000 0.000000 32524.dat
1 15 150.000000 -32.822920 51.958476 0.866025 0.000000 0.500000 0.000000 1.000000 0.000000 -0.500000 0.000000 0.866025 32524.dat
1 15 -420.346000 27.177080 206.851320 0.000000 0.000000 1.000000 0.000000 1.000000 0.000000 -1.000000 0.000000 0.000000 32524.dat
1 15 -330.346000 -12.822920 154.889796 -0.866025 0.000000 0.500000 0.000000 1.000000 0.000000 -0.500000 0.000000 -0.866025 32524.dat
1 15 -448.986520 7.177080 155.878476 -0.866025 0.000000 0.500000 0.000000 1.000000 0.000000 -0.500000 0.000000 -0.866025 32524.dat
1 15 -508.986520 -12.822920 155.878476 0.866025 0.000000 0.500000 0.000000 1.000000 0.000000 -0.500000 0.000000 0.866025 32524.dat
1 15 -328.986520 7.177080 51.958476 0.866025 0.000000 0.500000 0.000000 1.000000 0.000000 -0.500000 0.000000 0.866025 32524.dat
1 15 -358.986520 27.177080 103.920000 0.000000 0.000000 1.000000 0.000000 1.000000 0.000000 -1.000000 0.000000 0.000000 32524.dat
1 15 -448.986520 -12.822920 51.958476 0.866025 0.000000 0.500000 0.000000 1.000000 0.000000 -0.500000 0.000000 0.866025 32524.dat
1 15 -508.986520 7.177080 51.958476 -0.866025 0.000000 0.500000 0.000000 1.000000 0.000000 -0.500000 0.000000 -0.866025 32524.dat
1 15 -418.986520 27.177080 -0.000000 0.000000 0.000000 1.000000 0.000000 1.000000 0.000000 -1.000000 0.000000 0.000000 32524.dat

