0 
0 Name: 
0 Author: 
1 15 -39.895134 7.17708 103.919998 0 0 1 0 1 0 -1 0 0 32278.dat
1 15 -109.874161 27.17708 225.163559 0.866025 0 0.5 0 1 0 -0.5 0 0.866025 32278.dat
1 15 -239.874161 -12.82292 207.843048 -0.866025 0 0.5 0 1 0 -0.5 0 -0.866025 41239.dat
1 15 -30 27.17708 155.881531 0.866025 0 0.5 0 1 0 -0.5 0 0.866025 32524.dat
1 15 -30 -12.82292 51.958477 -0.866025 0 0.5 0 1 0 -0.5 0 -0.866025 32524.dat
1 15 -360 7.17708 207.836945 0.866025 0 0.5 0 1 0 -0.5 0 0.866025 32278.dat
1 15 -448.986511 27.17708 51.958984 -0.866025 0 -0.5 0 1 0 0.5 0 -0.866025 32524.dat
1 15 -418.986511 -12.82292 103.919998 0 0 1 0 1 0 -1 0 0 41239.dat
1 15 -408.986511 47.177078 86.599495 -0.866025 0 0.5 0 1 0 -0.5 0 -0.866025 32525.dat
0 -----------------------------------------------------------------
1 15 -39.895134 7.17708 103.919998 0 0 1 0 1 0 -1 0 0 32278.dat
1 15 -109.874161 27.17708 225.163559 0.866025 0 0.5 0 1 0 -0.5 0 0.866025 32278.dat
1 15 -239.874161 -12.82292 207.843048 -0.866025 0 0.5 0 1 0 -0.5 0 -0.866025 41239.dat
1 15 -30 27.17708 155.881531 0.866025 0 0.5 0 1 0 -0.5 0 0.866025 32524.dat
1 15 -30 -12.82292 51.958477 -0.866025 0 0.5 0 1 0 -0.5 0 -0.866025 32524.dat
1 15 110 27.17708 103.919998 -0 0 1 -0 1 0 -1 -0 -0 32449_double.dat
1 15 -360 7.17708 207.836945 0.866025 0 0.5 0 1 0 -0.5 0 0.866025 32278.dat
1 15 -285 27.17708 337.740753 0.866025 0 0.5 0 1 0 -0.5 0 0.866025 32449.dat
1 15 -180 47.177078 311.76001 0 0 1 0 1 0 -1 0 0 41239.dat
1 15 150 7.17708 103.919998 -0 0 1 -0 1 0 -1 -0 -0 32449_double.dat
1 15 -448.986511 27.17708 51.958984 -0.866025 0 -0.5 0 1 0 0.5 0 -0.866025 32524.dat
1 15 -418.986511 -12.82292 103.919998 0 0 1 0 1 0 -1 0 0 41239.dat
1 15 -418.986511 47.177078 103.919998 -0.866025 0 0.5 0 1 0 -0.5 0 -0.866025 41239.dat
1 15 -330 27.17708 51.958481 0.866025 0 0.5 0 1 0 -0.5 0 0.866025 32524.dat
1 15 165 -12.82292 129.900757 -0.866025 -0 0.5 -0 1 -0 -0.5 -0 -0.866025 32449_double.dat
1 15 135 7.17708 181.860764 -0.866025 -0 0.5 -0 1 -0 -0.5 -0 -0.866025 32449_double.dat
1 15 70 27.17708 121.237457 0.866025 0 0.5 0 1 0 -0.5 0 0.866025 32525.dat
1 15 50 47.177078 121.243561 -0.866025 0 0.5 0 1 0 -0.5 0 -0.866025 32278.dat
1 15 30 7.17708 207.839996 -0 0 1 -0 1 0 -1 -0 -0 32449_double.dat
1 15 90 -12.82292 207.839996 -0 0 1 -0 1 0 -1 -0 -0 32449_double.dat
1 15 -45 7.17708 285.779236 -0.866025 0 0.5 0 1 0 -0.5 0 -0.866025 32449.dat