1 4 334.280904 -40.000000 -26.666667 -0.333333 0.000000 -0.942809 0.000000 -1.000000 -0.000000 0.942809 0.000000 -0.333333 40490.dat
1 4 249.428090 -60.000000 56.666667 -0.333333 0.000000 0.942809 -0.000000 -1.000000 0.000000 -0.942809 0.000000 -0.333333 43857.dat
1 4 -296.568542 -40.000000 -40.000000 0.333333 0.000000 -0.942809 0.000000 -1.000000 0.000000 0.942809 0.000000 0.333333 32524.dat
1 4 315.424723 -40.000000 33.333333 -0.333333 0.000000 0.942809 -0.000000 -1.000000 0.000000 -0.942809 0.000000 -0.333333 32524.dat
1 4 -240.000000 -60.000000 -20.000000 -1.000000 0.000000 0.000000 -0.000000 -1.000000 0.000000 -0.000000 0.000000 -1.000000 32316.dat
1 4 390.849446 -20.000000 6.666667 -0.333333 0.000000 0.942809 -0.000000 -1.000000 0.000000 -0.942809 0.000000 -0.333333 32523.dat
1 4 -381.421356 -20.000000 -10.000000 0.333333 0.000000 -0.942809 0.000000 -1.000000 0.000000 0.942809 0.000000 0.333333 32449_double.dat
1 4 -334.280904 -40.000000 26.666667 0.333333 0.000000 0.942809 0.000000 -1.000000 0.000000 -0.942809 0.000000 0.333333 40490.dat
1 4 249.428090 -60.000000 -56.666667 -0.333333 0.000000 -0.942809 0.000000 -1.000000 -0.000000 0.942809 0.000000 -0.333333 43857.dat
1 4 -249.428090 -20.000000 56.666667 0.333333 0.000000 0.942809 0.000000 -1.000000 0.000000 -0.942809 0.000000 0.333333 43857.dat
1 4 -240.000000 -40.000000 60.000000 0.000000 0.000000 1.000000 0.000000 -1.000000 0.000000 -1.000000 0.000000 0.000000 32056_double.dat
1 4 -120.000000 -20.000000 60.000000 0.000000 0.000000 1.000000 0.000000 -1.000000 0.000000 -1.000000 0.000000 0.000000 40490.dat
1 4 -80.000000 -40.000000 0.000000 1.000000 0.000000 0.000000 0.000000 -1.000000 0.000000 0.000000 0.000000 1.000000 32524.dat
1 4 -140.000000 -20.000000 -60.000000 0.000000 0.000000 1.000000 0.000000 -1.000000 0.000000 -1.000000 0.000000 0.000000 32525.dat
1 4 80.000000 -20.000000 0.000000 1.000000 0.000000 0.000000 0.000000 -1.000000 0.000000 0.000000 0.000000 1.000000 32524.dat
1 4 100.000000 -40.000000 -60.000000 0.000000 0.000000 -1.000000 0.000000 -1.000000 0.000000 1.000000 0.000000 0.000000 32278.dat
1 4 240.000000 -20.000000 0.000000 -1.000000 0.000000 0.000000 -0.000000 -1.000000 0.000000 -0.000000 0.000000 -1.000000 32524.dat
1 4 100.000000 -40.000000 60.000000 0.000000 0.000000 -1.000000 0.000000 -1.000000 0.000000 1.000000 0.000000 0.000000 32278.dat
1 15 334.280904 40.000000 -26.666667 -0.333333 0.000000 -0.942809 0.000000 1.000000 0.000000 0.942809 0.000000 -0.333333 40490.dat
1 15 249.428090 60.000000 56.666667 -0.333333 0.000000 0.942809 0.000000 1.000000 0.000000 -0.942809 0.000000 -0.333333 43857.dat
1 15 -296.568542 40.000000 -40.000000 0.333333 0.000000 -0.942809 0.000000 1.000000 0.000000 0.942809 0.000000 0.333333 32524.dat
1 15 315.424723 40.000000 33.333333 -0.333333 0.000000 0.942809 0.000000 1.000000 0.000000 -0.942809 0.000000 -0.333333 32524.dat
1 15 -240.000000 60.000000 -20.000000 -1.000000 0.000000 0.000000 0.000000 1.000000 0.000000 -0.000000 0.000000 -1.000000 32316.dat
1 15 390.849446 20.000000 6.666667 -0.333333 0.000000 0.942809 0.000000 1.000000 0.000000 -0.942809 0.000000 -0.333333 32523.dat
1 15 -381.421356 20.000000 -10.000000 0.333333 0.000000 -0.942809 0.000000 1.000000 0.000000 0.942809 0.000000 0.333333 32449_double.dat
1 15 -334.280904 40.000000 26.666667 0.333333 0.000000 0.942809 0.000000 1.000000 0.000000 -0.942809 0.000000 0.333333 40490.dat
1 15 249.428090 60.000000 -56.666667 -0.333333 -0.000000 -0.942809 0.000000 1.000000 0.000000 0.942809 0.000000 -0.333333 43857.dat
1 15 -249.428090 20.000000 56.666667 0.333333 0.000000 0.942809 0.000000 1.000000 0.000000 -0.942809 0.000000 0.333333 43857.dat
1 15 -240.000000 40.000000 60.000000 0.000000 0.000000 1.000000 0.000000 1.000000 0.000000 -1.000000 0.000000 0.000000 32056_double.dat
1 15 -120.000000 20.000000 60.000000 0.000000 0.000000 1.000000 0.000000 1.000000 0.000000 -1.000000 0.000000 0.000000 40490.dat
1 15 -80.000000 40.000000 0.000000 1.000000 0.000000 0.000000 0.000000 1.000000 0.000000 0.000000 0.000000 1.000000 32524.dat
1 15 -140.000000 20.000000 -60.000000 0.000000 0.000000 1.000000 0.000000 1.000000 0.000000 -1.000000 0.000000 0.000000 32525.dat
1 15 80.000000 20.000000 0.000000 1.000000 0.000000 0.000000 0.000000 1.000000 0.000000 0.000000 0.000000 1.000000 32524.dat
1 15 100.000000 40.000000 -60.000000 0.000000 0.000000 -1.000000 0.000000 1.000000 0.000000 1.000000 0.000000 0.000000 32278.dat
1 15 240.000000 20.000000 0.000000 -1.000000 0.000000 0.000000 0.000000 1.000000 0.000000 -0.000000 0.000000 -1.000000 32524.dat
1 15 100.000000 40.000000 60.000000 0.000000 0.000000 -1.000000 0.000000 1.000000 0.000000 1.000000 0.000000 0.000000 32278.dat
1 14 409.705627 -30.000000 0.000000 0.000000 -1.000000 0.000000 1.000000 0.000000 0.000000 0.000000 0.000000 1.000000 2780.dat
1 14 240.000000 -40.000000 60.000000 0.000000 0.000000 -1.000000 1.000000 -0.000000 0.000000 0.000000 -1.000000 -0.000000 6558.dat
1 14 258.856181 -50.000000 53.333333 0.000000 -1.000000 0.000000 1.000000 0.000000 0.000000 0.000000 0.000000 1.000000 2780.dat
1 14 258.856181 -50.000000 -53.333333 -0.000000 -0.000000 -1.000000 -1.000000 0.000000 0.000000 0.000000 1.000000 -0.000000 2780.dat
1 14 -353.137085 -30.000000 -20.000000 0.000000 -1.000000 0.000000 1.000000 0.000000 0.000000 0.000000 0.000000 1.000000 2780.dat
1 14 -240.000000 -40.000000 -60.000000 0.000000 1.000000 0.000000 -1.000000 0.000000 0.000000 0.000000 0.000000 1.000000 6558.dat
1 14 371.993266 -30.000000 13.333333 0.000000 -1.000000 0.000000 1.000000 0.000000 0.000000 0.000000 0.000000 1.000000 2780.dat
1 14 -409.705627 -30.000000 0.000000 0.000000 -1.000000 0.000000 1.000000 0.000000 0.000000 0.000000 0.000000 1.000000 2780.dat
1 14 -240.000000 -50.000000 20.000000 0.000000 -1.000000 0.000000 1.000000 0.000000 0.000000 0.000000 0.000000 1.000000 2780.dat
1 14 240.000000 -40.000000 -60.000000 0.000000 0.000000 -1.000000 1.000000 -0.000000 0.000000 0.000000 -1.000000 -0.000000 6558.dat
1 14 -258.856181 -30.000000 53.333333 -0.000000 -0.000000 -1.000000 -1.000000 0.000000 0.000000 0.000000 1.000000 -0.000000 2780.dat
1 14 -240.000000 -30.000000 60.000000 -0.000000 -0.000000 -1.000000 -1.000000 0.000000 0.000000 0.000000 1.000000 -0.000000 2780.dat
1 14 -200.000000 -30.000000 60.000000 0.000000 -1.000000 0.000000 1.000000 0.000000 0.000000 0.000000 0.000000 1.000000 2780.dat
1 14 -80.000000 -30.000000 60.000000 -0.000000 -0.000000 -1.000000 -1.000000 0.000000 0.000000 0.000000 1.000000 -0.000000 2780.dat
1 14 -40.000000 -30.000000 60.000000 -0.000000 -0.000000 -1.000000 -1.000000 0.000000 0.000000 0.000000 1.000000 -0.000000 2780.dat
1 14 -80.000000 -30.000000 -60.000000 0.000000 -1.000000 0.000000 1.000000 0.000000 0.000000 0.000000 0.000000 1.000000 2780.dat
1 14 -40.000000 -30.000000 -60.000000 -0.000000 -0.000000 -1.000000 -1.000000 0.000000 0.000000 0.000000 1.000000 -0.000000 2780.dat
1 14 80.000000 -30.000000 -60.000000 -0.000000 -0.000000 -1.000000 -1.000000 0.000000 0.000000 0.000000 1.000000 -0.000000 2780.dat
1 14 80.000000 -30.000000 60.000000 -0.000000 -0.000000 -1.000000 -1.000000 0.000000 0.000000 0.000000 1.000000 -0.000000 2780.dat
1 14 240.000000 40.000000 60.000000 0.000000 -0.000000 1.000000 -1.000000 -0.000000 0.000000 0.000000 -1.000000 -0.000000 6558.dat
1 14 258.856181 50.000000 53.333333 0.000000 1.000000 0.000000 -1.000000 0.000000 0.000000 0.000000 0.000000 1.000000 2780.dat
1 14 409.705627 30.000000 0.000000 0.000000 1.000000 0.000000 -1.000000 0.000000 0.000000 0.000000 0.000000 1.000000 2780.dat
1 14 258.856181 50.000000 -53.333333 -0.000000 0.000000 1.000000 1.000000 0.000000 0.000000 0.000000 1.000000 -0.000000 2780.dat
1 14 -240.000000 40.000000 -60.000000 0.000000 -1.000000 0.000000 1.000000 0.000000 0.000000 0.000000 0.000000 1.000000 6558.dat
1 14 -353.137085 30.000000 -20.000000 0.000000 1.000000 0.000000 -1.000000 0.000000 0.000000 0.000000 0.000000 1.000000 2780.dat
1 14 371.993266 30.000000 13.333333 0.000000 1.000000 0.000000 -1.000000 0.000000 0.000000 0.000000 0.000000 1.000000 2780.dat
1 14 -409.705627 30.000000 0.000000 0.000000 1.000000 0.000000 -1.000000 0.000000 0.000000 0.000000 0.000000 1.000000 2780.dat
1 14 -240.000000 50.000000 20.000000 0.000000 1.000000 0.000000 -1.000000 0.000000 0.000000 0.000000 0.000000 1.000000 2780.dat
1 14 240.000000 40.000000 -60.000000 0.000000 -0.000000 1.000000 -1.000000 -0.000000 0.000000 0.000000 -1.000000 -0.000000 6558.dat
1 14 -258.856181 30.000000 53.333333 -0.000000 0.000000 1.000000 1.000000 0.000000 0.000000 0.000000 1.000000 -0.000000 2780.dat
1 14 -240.000000 30.000000 60.000000 -0.000000 0.000000 1.000000 1.000000 0.000000 0.000000 0.000000 1.000000 -0.000000 2780.dat
1 14 -200.000000 30.000000 60.000000 0.000000 1.000000 0.000000 -1.000000 0.000000 0.000000 0.000000 0.000000 1.000000 2780.dat
1 14 -80.000000 30.000000 60.000000 -0.000000 0.000000 1.000000 1.000000 0.000000 0.000000 0.000000 1.000000 -0.000000 2780.dat
1 14 -40.000000 30.000000 60.000000 -0.000000 0.000000 1.000000 1.000000 0.000000 0.000000 0.000000 1.000000 -0.000000 2780.dat
1 14 -80.000000 30.000000 -60.000000 0.000000 1.000000 0.000000 -1.000000 0.000000 0.000000 0.000000 0.000000 1.000000 2780.dat
1 14 -40.000000 30.000000 -60.000000 -0.000000 0.000000 1.000000 1.000000 0.000000 0.000000 0.000000 1.000000 -0.000000 2780.dat
1 14 80.000000 30.000000 -60.000000 -0.000000 0.000000 1.000000 1.000000 0.000000 0.000000 0.000000 1.000000 -0.000000 2780.dat
1 14 80.000000 30.000000 60.000000 -0.000000 0.000000 1.000000 1.000000 0.000000 0.000000 0.000000 1.000000 -0.000000 2780.dat
