1 4 25.000330 200.000000 43.300571 0.866019 0.000000 0.500011 0.000000 -1.000000 0.000000 -0.500011 0.000000 0.866019 32063_double.dat
1 4 780.000000 160.000000 80.000000 1.000000 0.000000 0.000000 0.000000 -1.000000 0.000000 0.000000 0.000000 1.000000 40490.dat
1 4 25.000550 160.000000 -43.300953 -0.866019 0.000000 0.500011 -0.000000 -1.000000 0.000000 -0.500011 0.000000 -0.866019 32063_double.dat
1 15 25.000330 -200.000000 43.300571 0.866019 0.000000 0.500011 0.000000 1.000000 0.000000 -0.500011 0.000000 0.866019 32063_double.dat
1 15 780.000000 -160.000000 80.000000 1.000000 0.000000 0.000000 0.000000 1.000000 0.000000 0.000000 0.000000 1.000000 40490.dat
1 15 25.000550 -160.000000 -43.300953 -0.866019 0.000000 0.500011 0.000000 1.000000 0.000000 -0.500011 0.000000 -0.866019 32063_double.dat
1 15 615.000550 -160.000000 43.299047 -0.866019 0.000000 0.500011 0.000000 1.000000 0.000000 -0.500011 0.000000 -0.866019 32063_double.dat
1 15 465.000330 -200.000000 43.300571 0.866019 0.000000 0.500011 0.000000 1.000000 0.000000 -0.500011 0.000000 0.866019 32063_double.dat
1 15 -80.000000 -160.000000 160.000000 0.000000 0.000000 1.000000 0.000000 1.000000 0.000000 -1.000000 0.000000 0.000000 32523.dat
1 15 540.000000 -180.000000 86.600000 0.000000 0.000000 1.000000 0.000000 1.000000 0.000000 -1.000000 0.000000 0.000000 32063_double.dat
1 15 175.000330 -160.000000 43.299429 -0.866019 0.000000 0.500011 0.000000 1.000000 0.000000 -0.500011 0.000000 -0.866019 32063_double.dat
1 15 170.000000 -160.000000 -0.000000 0.000000 0.000000 -1.000000 0.000000 1.000000 0.000000 1.000000 0.000000 0.000000 43857.dat
1 15 480.000000 -160.000000 0.000000 0.000000 0.000000 1.000000 0.000000 1.000000 0.000000 -1.000000 0.000000 0.000000 32523.dat
1 15 100.000000 -180.000000 -86.600000 0.000000 0.000000 -1.000000 0.000000 1.000000 0.000000 1.000000 0.000000 0.000000 32063_double.dat
1 15 79.999999 -180.000000 160.000000 0.000000 0.000000 -1.000000 0.000000 1.000000 0.000000 1.000000 0.000000 0.000000 32278.dat
1 15 540.000000 -180.000000 -86.600000 0.000000 0.000000 -1.000000 0.000000 1.000000 0.000000 1.000000 0.000000 0.000000 32063_double.dat
1 15 640.000000 -180.000000 0.000000 0.000000 0.000000 1.000000 0.000000 1.000000 0.000000 -1.000000 0.000000 0.000000 32278.dat
1 15 20.000000 -180.000000 0.000000 0.000000 0.000000 1.000000 0.000000 1.000000 0.000000 -1.000000 0.000000 0.000000 32278.dat
1 15 639.999999 -180.000000 160.000000 0.000000 0.000000 1.000000 0.000000 1.000000 0.000000 -1.000000 0.000000 0.000000 32278.dat
1 15 320.000000 -180.000000 0.000000 0.000000 0.000000 1.000000 0.000000 1.000000 0.000000 -1.000000 0.000000 0.000000 32278.dat
1 15 359.999999 -160.000000 160.000000 0.000000 0.000000 1.000000 0.000000 1.000000 0.000000 -1.000000 0.000000 0.000000 32278.dat
1 15 100.000000 -180.000000 86.600000 0.000000 0.000000 -1.000000 0.000000 1.000000 0.000000 1.000000 0.000000 0.000000 32063_double.dat
1 15 465.000550 -160.000000 -43.300953 -0.866019 0.000000 0.500011 0.000000 1.000000 0.000000 -0.500011 0.000000 -0.866019 32063_double.dat
1 15 -160.000000 -160.000000 80.000000 1.000000 0.000000 0.000000 0.000000 -1.000000 0.000000 0.000000 0.000000 -1.000000 32526.dat
1 15 -130.000000 -180.000000 120.000000 0.800000 0.000000 0.600000 0.000000 1.000000 0.000000 -0.600000 0.000000 0.800000 32063_double.dat
1 15 174.999450 -200.000000 -43.300953 -0.866019 0.000000 -0.500011 0.000000 1.000000 0.000000 0.500011 0.000000 -0.866019 32063_double.dat
1 15 614.999450 -200.000000 -43.300953 -0.866019 0.000000 -0.500011 0.000000 1.000000 0.000000 0.500011 0.000000 -0.866019 32063_double.dat
1 4 615.000550 160.000000 43.299047 -0.866019 0.000000 0.500011 -0.000000 -1.000000 0.000000 -0.500011 0.000000 -0.866019 32063_double.dat
1 4 465.000330 200.000000 43.300571 0.866019 0.000000 0.500011 0.000000 -1.000000 0.000000 -0.500011 0.000000 0.866019 32063_double.dat
1 4 -80.000000 160.000000 160.000000 0.000000 0.000000 1.000000 0.000000 -1.000000 0.000000 -1.000000 0.000000 0.000000 32523.dat
1 4 540.000000 180.000000 86.600000 0.000000 0.000000 1.000000 0.000000 -1.000000 0.000000 -1.000000 0.000000 0.000000 32063_double.dat
1 4 175.000330 160.000000 43.299429 -0.866019 0.000000 0.500011 -0.000000 -1.000000 0.000000 -0.500011 0.000000 -0.866019 32063_double.dat
1 4 170.000000 160.000000 -0.000000 0.000000 0.000000 -1.000000 0.000000 -1.000000 0.000000 1.000000 0.000000 0.000000 43857.dat
1 4 480.000000 160.000000 0.000000 0.000000 0.000000 1.000000 0.000000 -1.000000 0.000000 -1.000000 0.000000 0.000000 32523.dat
1 4 100.000000 180.000000 -86.600000 0.000000 0.000000 -1.000000 0.000000 -1.000000 0.000000 1.000000 0.000000 0.000000 32063_double.dat
1 4 79.999999 180.000000 160.000000 0.000000 0.000000 -1.000000 0.000000 -1.000000 0.000000 1.000000 0.000000 0.000000 32278.dat
1 4 540.000000 180.000000 -86.600000 0.000000 0.000000 -1.000000 0.000000 -1.000000 0.000000 1.000000 0.000000 0.000000 32063_double.dat
1 4 640.000000 180.000000 0.000000 0.000000 0.000000 1.000000 0.000000 -1.000000 0.000000 -1.000000 0.000000 0.000000 32278.dat
1 4 20.000000 180.000000 0.000000 0.000000 0.000000 1.000000 0.000000 -1.000000 0.000000 -1.000000 0.000000 0.000000 32278.dat
1 4 639.999999 180.000000 160.000000 0.000000 0.000000 1.000000 0.000000 -1.000000 0.000000 -1.000000 0.000000 0.000000 32278.dat
1 4 320.000000 180.000000 0.000000 0.000000 0.000000 1.000000 0.000000 -1.000000 0.000000 -1.000000 0.000000 0.000000 32278.dat
1 4 359.999999 160.000000 160.000000 0.000000 0.000000 1.000000 0.000000 -1.000000 0.000000 -1.000000 0.000000 0.000000 32278.dat
1 4 100.000000 180.000000 86.600000 0.000000 0.000000 -1.000000 0.000000 -1.000000 0.000000 1.000000 0.000000 0.000000 32063_double.dat
1 4 465.000550 160.000000 -43.300953 -0.866019 0.000000 0.500011 -0.000000 -1.000000 0.000000 -0.500011 0.000000 -0.866019 32063_double.dat
1 4 -160.000000 160.000000 80.000000 1.000000 0.000000 0.000000 -0.000000 1.000000 0.000000 0.000000 0.000000 -1.000000 32526.dat
1 4 -130.000000 180.000000 120.000000 0.800000 0.000000 0.600000 0.000000 -1.000000 0.000000 -0.600000 0.000000 0.800000 32063_double.dat
1 4 174.999450 200.000000 -43.300953 -0.866019 0.000000 -0.500011 0.000000 -1.000000 -0.000000 0.500011 0.000000 -0.866019 32063_double.dat
1 4 614.999450 200.000000 -43.300953 -0.866019 0.000000 -0.500011 0.000000 -1.000000 -0.000000 0.500011 0.000000 -0.866019 32063_double.dat
