1 15 39.999999 -180.000000 160.000000 0.000000 0.000000 -1.000000 0.000000 1.000000 0.000000 1.000000 0.000000 0.000000 32278.dat
1 15 639.999999 -180.000000 160.000000 0.000000 0.000000 1.000000 0.000000 1.000000 0.000000 -1.000000 0.000000 0.000000 32278.dat
1 15 189.999999 -200.000000 160.000000 0.000000 0.000000 -1.000000 0.000000 1.000000 0.000000 1.000000 0.000000 0.000000 43857.dat
1 15 465.000550 -180.000000 -43.300953 -0.866019 0.000000 0.500011 0.000000 1.000000 0.000000 -0.500011 0.000000 -0.866019 32063_double.dat
1 15 -130.000000 -200.000000 120.000000 0.800000 0.000000 0.600000 0.000000 1.000000 0.000000 -0.600000 0.000000 0.800000 32063_double.dat
1 15 174.999450 -160.000000 -43.300953 -0.866019 0.000000 -0.500011 0.000000 1.000000 0.000000 0.500011 0.000000 -0.866019 32063_double.dat
1 15 120.000000 -180.000000 0.000000 0.000000 0.000000 1.000000 0.000000 1.000000 0.000000 -1.000000 0.000000 0.000000 32278.dat
1 15 100.000000 -180.000000 -86.600000 0.000000 0.000000 -1.000000 0.000000 1.000000 0.000000 1.000000 0.000000 0.000000 32063_double.dat
1 15 339.999999 -180.000000 160.000000 0.000000 0.000000 1.000000 0.000000 1.000000 0.000000 -1.000000 0.000000 0.000000 32278.dat
1 15 640.000000 -180.000000 0.000000 0.000000 0.000000 1.000000 0.000000 1.000000 0.000000 -1.000000 0.000000 0.000000 32278.dat
1 15 100.000000 -180.000000 86.600000 0.000000 0.000000 -1.000000 0.000000 1.000000 0.000000 1.000000 0.000000 0.000000 32063_double.dat
1 15 540.000000 -180.000000 86.600000 0.000000 0.000000 1.000000 0.000000 1.000000 0.000000 -1.000000 0.000000 0.000000 32063_double.dat
1 15 25.000550 -200.000000 -43.300953 -0.866019 0.000000 0.500011 0.000000 1.000000 0.000000 -0.500011 0.000000 -0.866019 32063_double.dat
1 15 -70.000000 -200.000000 0.000000 0.000000 0.000000 1.000000 0.000000 1.000000 0.000000 -1.000000 0.000000 0.000000 32063_double.dat
1 15 -160.000000 -180.000000 80.000000 1.000000 0.000000 0.000000 0.000000 -1.000000 0.000000 0.000000 0.000000 -1.000000 32526.dat
1 15 780.000000 -200.000000 80.000000 1.000000 0.000000 0.000000 0.000000 1.000000 0.000000 0.000000 0.000000 1.000000 40490.dat
1 15 540.000000 -200.000000 -86.600000 0.000000 0.000000 -1.000000 0.000000 1.000000 0.000000 1.000000 0.000000 0.000000 32063_double.dat
1 15 615.000550 -200.000000 43.299047 -0.866019 0.000000 0.500011 0.000000 1.000000 0.000000 -0.500011 0.000000 -0.866019 32063_double.dat
1 15 489.999999 -200.000000 160.000000 0.000000 0.000000 -1.000000 0.000000 1.000000 0.000000 1.000000 0.000000 0.000000 43857.dat
1 15 25.000330 -160.000000 43.300571 0.866019 0.000000 0.500011 0.000000 1.000000 0.000000 -0.500011 0.000000 0.866019 32063_double.dat
1 15 634.999890 -160.000000 -8.660191 0.866019 0.000000 0.500011 0.000000 1.000000 0.000000 -0.500011 0.000000 0.866019 43857.dat
1 15 465.000330 -160.000000 43.300571 0.866019 0.000000 0.500011 0.000000 1.000000 0.000000 -0.500011 0.000000 0.866019 32063_double.dat
1 15 175.000330 -200.000000 43.299429 -0.866019 0.000000 0.500011 0.000000 1.000000 0.000000 -0.500011 0.000000 -0.866019 32063_double.dat
1 15 609.999560 -180.000000 -51.960762 -0.866019 0.000000 -0.500011 0.000000 1.000000 0.000000 0.500011 0.000000 -0.866019 32316.dat
1 15 380.000000 -200.000000 0.000000 0.000000 0.000000 1.000000 0.000000 1.000000 0.000000 -1.000000 0.000000 0.000000 41239.dat
1 4 39.999999 180.000000 160.000000 0.000000 0.000000 -1.000000 0.000000 -1.000000 0.000000 1.000000 0.000000 0.000000 32278.dat
1 4 639.999999 180.000000 160.000000 0.000000 0.000000 1.000000 0.000000 -1.000000 0.000000 -1.000000 0.000000 0.000000 32278.dat
1 4 189.999999 200.000000 160.000000 0.000000 0.000000 -1.000000 0.000000 -1.000000 0.000000 1.000000 0.000000 0.000000 43857.dat
1 4 465.000550 180.000000 -43.300953 -0.866019 0.000000 0.500011 -0.000000 -1.000000 0.000000 -0.500011 0.000000 -0.866019 32063_double.dat
1 4 -130.000000 200.000000 120.000000 0.800000 0.000000 0.600000 0.000000 -1.000000 0.000000 -0.600000 0.000000 0.800000 32063_double.dat
1 4 174.999450 160.000000 -43.300953 -0.866019 0.000000 -0.500011 0.000000 -1.000000 -0.000000 0.500011 0.000000 -0.866019 32063_double.dat
1 4 120.000000 180.000000 0.000000 0.000000 0.000000 1.000000 0.000000 -1.000000 0.000000 -1.000000 0.000000 0.000000 32278.dat
1 4 100.000000 180.000000 -86.600000 0.000000 0.000000 -1.000000 0.000000 -1.000000 0.000000 1.000000 0.000000 0.000000 32063_double.dat
1 4 339.999999 180.000000 160.000000 0.000000 0.000000 1.000000 0.000000 -1.000000 0.000000 -1.000000 0.000000 0.000000 32278.dat
1 4 640.000000 180.000000 0.000000 0.000000 0.000000 1.000000 0.000000 -1.000000 0.000000 -1.000000 0.000000 0.000000 32278.dat
1 4 100.000000 180.000000 86.600000 0.000000 0.000000 -1.000000 0.000000 -1.000000 0.000000 1.000000 0.000000 0.000000 32063_double.dat
1 4 540.000000 180.000000 86.600000 0.000000 0.000000 1.000000 0.000000 -1.000000 0.000000 -1.000000 0.000000 0.000000 32063_double.dat
1 4 25.000550 200.000000 -43.300953 -0.866019 0.000000 0.500011 -0.000000 -1.000000 0.000000 -0.500011 0.000000 -0.866019 32063_double.dat
1 4 -70.000000 200.000000 0.000000 0.000000 0.000000 1.000000 0.000000 -1.000000 0.000000 -1.000000 0.000000 0.000000 32063_double.dat
1 4 -160.000000 180.000000 80.000000 1.000000 0.000000 0.000000 -0.000000 1.000000 0.000000 0.000000 0.000000 -1.000000 32526.dat
1 4 780.000000 200.000000 80.000000 1.000000 0.000000 0.000000 0.000000 -1.000000 0.000000 0.000000 0.000000 1.000000 40490.dat
1 4 540.000000 200.000000 -86.600000 0.000000 0.000000 -1.000000 0.000000 -1.000000 0.000000 1.000000 0.000000 0.000000 32063_double.dat
1 4 615.000550 200.000000 43.299047 -0.866019 0.000000 0.500011 -0.000000 -1.000000 0.000000 -0.500011 0.000000 -0.866019 32063_double.dat
1 4 489.999999 200.000000 160.000000 0.000000 0.000000 -1.000000 0.000000 -1.000000 0.000000 1.000000 0.000000 0.000000 43857.dat
1 4 25.000330 160.000000 43.300571 0.866019 0.000000 0.500011 0.000000 -1.000000 0.000000 -0.500011 0.000000 0.866019 32063_double.dat
1 4 634.999890 160.000000 -8.660191 0.866019 0.000000 0.500011 0.000000 -1.000000 0.000000 -0.500011 0.000000 0.866019 43857.dat
1 4 465.000330 160.000000 43.300571 0.866019 0.000000 0.500011 0.000000 -1.000000 0.000000 -0.500011 0.000000 0.866019 32063_double.dat
1 4 175.000330 200.000000 43.299429 -0.866019 0.000000 0.500011 -0.000000 -1.000000 0.000000 -0.500011 0.000000 -0.866019 32063_double.dat
1 4 609.999560 180.000000 -51.960762 -0.866019 0.000000 -0.500011 0.000000 -1.000000 -0.000000 0.500011 0.000000 -0.866019 32316.dat
1 4 380.000000 200.000000 0.000000 0.000000 0.000000 1.000000 0.000000 -1.000000 0.000000 -1.000000 0.000000 0.000000 41239.dat
