0 test model
0 Author: 徐豪
1 4 158.954510 82.057685 20.000000 -0.999917 0.000000 0.012902 -0.012902 -0.000000 -0.999917 0.000000 -1.000000 0.000000  40490.dat
1 4 79.993341 1.032172 40.000000 0.012902 0.000000 0.999917 -0.999917 0.000000 0.012902 0.000000 -1.000000 0.000000  40490.dat
1 4 -0.774129 59.995006 20.000000 -0.999917 0.000000 0.012902 -0.012902 -0.000000 -0.999917 0.000000 -1.000000 0.000000  32524.dat
1 4 79.219212 61.027178 60.000000 -0.589628 0.000000 0.807675 -0.807675 -0.000000 -0.589628 0.000000 -1.000000 0.000000  32525.dat
1 4 78.445083 121.022184 40.000000 0.012902 0.000000 0.999917 -0.999917 0.000000 0.012902 0.000000 -1.000000 0.000000  40490.dat
1 4 238.431765 123.086528 60.000000 0.012902 0.000000 0.999917 -0.999917 0.000000 0.012902 0.000000 -1.000000 0.000000  40490.dat
1 4 272.803392 163.281685 20.000000 -0.651354 0.000000 0.758774 -0.758774 -0.000000 -0.651354 0.000000 -1.000000 0.000000  32524.dat
1 4 192.552007 182.247848 0.000000 0.503800 0.000000 0.863820 -0.863820 0.000000 0.503800 0.000000 -1.000000 0.000000  32316.dat
1 4 196.371516 228.062810 60.000000 -0.639345 0.000000 0.768920 -0.768920 -0.000000 -0.639345 0.000000 -1.000000 0.000000  32316.dat
1 4 278.677545 233.494561 40.000000 0.516358 0.000000 0.856373 -0.856373 0.000000 0.516358 0.000000 -1.000000 0.000000  32524.dat
1 4 364.384922 192.390484 60.000000 -0.903576 0.000000 0.428427 -0.428427 -0.000000 -0.903576 0.000000 -1.000000 0.000000  40490.dat
1 4 358.510769 122.177609 40.000000 -0.048367 0.000000 0.998830 -0.998830 -0.000000 -0.048367 0.000000 -1.000000 0.000000  32316.dat
